Location,Date,MinTemp,MaxTemp,Rainfall,Evaporation,Sunshine,WindGustDir,WindGustSpeed,WindDir9am,WindDir3pm,WindSpeed9am,WindSpeed3pm,Humidity9am,Humidity3pm,Pressure9am,Pressure3pm,Cloud9am,Cloud3pm,Temp9am,Temp3pm,RainToday,RISK_MM,RainTomorrow,Prediction
Sydney,2019-09-01,10,23.4,2.2,2.8,10.7,NNE,31,WNW,ENE,20,19,75,60,1022.2,1017.8,1,1,13.8,20.8,Yes,0,Yes,0.481388121843338
Sydney,2019-09-02,11.1,20.7,1,5,10.7,SSE,48,WNW,S,24,28,65,55,1018.2,1017.6,1,1,15.5,18.7,Yes,0,Yes,0.529924750328064
Sydney,2019-09-03,10.3,23.7,0.4,3.2,10.6,WNW,26,WNW,ENE,17,19,70,38,1018,1014.1,1,1,15.8,22.3,Yes,0,Yes,0.221864119172096
Sydney,2019-09-04,10.3,27.3,0.2,4,10.2,W,44,W,E,15,7,67,25,1015.8,1010.4,0,1,14.8,26.7,Yes,0,No,0.302767217159271
Sydney,2019-09-05,14.7,22.2,0,7.2,10.1,S,30,WNW,E,13,17,70,61,1016.8,1013.5,1,1,17.7,20.6,No,0,No,0.45610100030899
Sydney,2019-09-06,14,28.5,0,3.8,6.9,W,91,NNE,NE,24,11,70,66,1006.8,997.6,2,7,19,21.9,No,0,No,0.902686297893524
Sydney,2019-09-07,10.9,19.1,0,8,10.9,W,74,WNW,W,35,41,40,27,1007.4,1006.6,1,0,15.3,18,No,0,No,0.308677166700363
Sydney,2019-09-08,11.4,19.5,0,8,10.8,W,67,W,W,43,24,39,27,1013,1009.5,1,1,13.7,19.3,No,0,No,0.266596734523773
Sydney,2019-09-09,10.8,17.4,0,5,8,W,57,W,S,37,28,44,41,1011.2,1012.1,3,7,12.9,16.1,No,0,No,0.368778079748154
Sydney,2019-09-10,8,17,0,8.2,8.2,SSE,54,S,S,6,28,50,53,1024.7,1025,6,6,13,16.3,No,0,No,0.483357071876526
Sydney,2019-09-11,8.5,20.1,0,4,10.4,W,28,WNW,E,13,19,70,55,1031.5,1027.7,5,1,13.2,18.1,No,0,No,0.306638777256012
Sydney,2019-09-12,8.8,26.7,0,3.8,7.5,WNW,33,W,WNW,13,17,74,18,1023.8,1016.8,7,7,13.4,25.7,No,0,No,0.0670953392982483
Sydney,2019-09-13,13.4,21.5,0,6.4,7.8,S,35,SE,E,20,17,72,60,1024.6,1020.3,5,3,17,19.1,No,0,No,0.468940377235413
Sydney,2019-09-14,11.2,20.3,0,4.8,10.3,SW,37,SSW,ESE,15,20,59,52,1023.4,1022.1,2,1,18.2,19.2,No,0,No,0.444986969232559
Sydney,2019-09-15,9.6,27.9,0,5.2,10.6,NNE,28,WNW,ENE,17,13,66,44,1022.5,1017.5,1,7,15.4,23.3,No,0,No,0.14189450442791
Sydney,2019-09-16,15.4,26.7,0,6.2,2.4,SSE,74,W,S,7,50,21,73,1015,1014.5,7,7,22.1,19.2,No,0,No,0.694694042205811
Sydney,2019-09-17,8.8,14.6,NA,4.2,0,SE,67,SSW,SE,20,28,98,96,1022,1020.4,8,8,10.5,13.9,No,0,No,0.925574541091919
Sydney,2019-09-18,10.5,18.1,NA,NA,0.1,SSE,57,SSE,SE,35,13,97,94,1025.5,1023.9,8,8,14.5,17.3,No,0,Yes,0.892387807369232
Sydney,2019-09-19,14.5,21.2,27.8,4.4,5.4,ENE,35,SE,E,2,22,97,76,1027.2,1024.9,7,6,16.3,20.7,Yes,0,No,0.811407268047333
Sydney,2019-09-20,15.5,22.4,0,2.6,9.1,ENE,46,NE,NE,19,22,79,75,1027.1,1022.7,7,3,19.5,21.1,No,0,Yes,0.603817760944366
Sydney,2019-09-21,16.9,24.4,0.2,6.2,4.3,NE,43,NNE,NE,19,26,81,71,1022.1,1017.2,7,6,18.7,21.9,Yes,0,Yes,0.663469910621643
Sydney,2019-09-22,18.3,23.1,0.2,4.8,7.1,nan,NA,WSW,ESE,13,24,67,50,1021.4,1019.7,5,3,18.8,20.5,Yes,0,No,0.49569308757782
Sydney,2019-09-23,11.7,21.6,0,6.2,7.6,W,44,WNW,ESE,9,17,54,41,1023.2,1020.5,1,7,17.5,18.5,No,0,No,0.394251078367233
Sydney,2019-09-24,9.2,21.3,0,5,11.1,E,33,WNW,E,19,26,47,49,1027.5,1023.3,1,1,15.2,19.1,No,0,Yes,0.137821301817894
Sydney,2019-09-25,9.3,21.9,0.4,6.6,11,ESE,37,WNW,SE,13,20,52,63,1028.2,1026.2,1,2,15.7,18.9,Yes,0,No,0.522487461566925
Sydney,2019-09-26,12.3,22.1,0,4,8.3,ENE,37,W,ENE,2,24,68,67,1026.8,1022.2,3,3,18,19.4,No,0,No,0.513202369213104
Sydney,2019-09-27,13.6,25.5,0,4.6,9.9,ENE,26,W,ENE,13,20,77,58,1019.5,1013.5,1,7,18.4,22.1,No,0,No,0.325129687786102
Sydney,2019-09-28,15.1,20.8,0,9.4,9.2,SSW,61,SSW,SSE,17,33,60,44,1016.7,1016.3,6,1,16.9,18.5,No,0,No,0.461028337478638
Sydney,2019-09-29,11.1,21.1,0,5.4,10.4,ENE,33,WNW,E,7,24,64,60,1018.9,1015.5,4,1,16.7,20,No,0,No,0.400999039411545
Sydney,2019-09-30,14.2,19.4,0,6,2.6,SSE,39,ESE,SE,9,20,84,74,1024.4,1025.3,7,7,15.4,15.4,No,0,Yes,0.731553971767426
Sydney,2019-10-01,12.1,21.1,0.8,3.4,7.2,E,33,WSW,NE,2,20,64,54,1031.8,1028.5,4,1,17.8,20,Yes,0,No,0.455400884151459
Sydney,2019-10-02,11.5,22.7,0,4.4,10.7,NNE,37,W,ENE,9,22,71,64,1029.1,1023.6,0,3,17.4,22.2,No,0,No,0.485868602991104
Sydney,2019-10-03,14.1,29.3,0,NA,11.1,NNE,31,WNW,NE,11,15,55,42,1024.8,1019.6,0,1,20.6,26,No,0,No,0.238631814718246
Sydney,2019-10-04,17,33.2,0,15.4,9.8,SSW,57,WNW,SSE,13,31,35,65,1017.9,1017.3,1,5,26,22.5,No,0,Yes,0.576240479946136
Sydney,2019-10-05,15.1,19.5,16.4,7.8,3.5,SSE,31,SSE,SSE,11,13,96,72,1024.2,1022.1,7,7,15.2,18.7,Yes,0,Yes,0.639651656150818
Sydney,2019-10-06,15.1,23.6,0.6,4,4.9,NNE,48,N,ENE,13,22,80,74,1018.1,1011.1,7,7,16.5,20,Yes,0,No,0.755295634269714
Sydney,2019-10-07,16.4,23.4,0,4,6.9,SE,39,S,ESE,17,20,79,72,1011.9,1010.4,7,7,19.1,21.1,No,0,No,0.610818028450012
Sydney,2019-10-08,16.3,23.7,0,4.4,5.7,S,50,WNW,S,13,28,90,80,1011.3,1010.1,6,6,17.7,16.5,No,0,Yes,0.730356574058533
Sydney,2019-10-09,10.4,19.3,1,5.2,11,S,57,W,S,19,26,60,46,1022.2,1021.7,4,2,13.3,18.4,Yes,0,Yes,0.513382732868195
Sydney,2019-10-10,10.8,20.4,0.6,6.8,11.1,SE,46,SSW,SSE,17,28,66,56,1023.5,1021.1,2,2,15,20,Yes,0,Yes,0.472582519054413
Sydney,2019-10-11,11.8,19.3,0.6,6,9.3,ESE,37,WNW,ESE,11,19,80,64,1020.2,1017.2,5,5,15.6,16.7,Yes,0,Yes,0.608931958675385
Sydney,2019-10-12,11.8,19.8,12,6.2,4.2,SE,44,SE,SSE,19,26,70,75,1018.8,1017.8,6,7,15.4,15.1,Yes,0,Yes,0.67428457736969
Sydney,2019-10-13,11.1,20.5,3.4,4.4,7.4,WSW,24,WNW,ESE,17,17,86,66,1021.7,1019.3,7,4,13.1,18.1,Yes,0,No,0.566952764987946
Sydney,2019-10-14,11.9,22.2,0,4.2,7,E,33,NNW,ENE,7,24,76,65,1018.1,1013.7,5,7,15.8,20.3,No,0,No,0.444880783557892
Sydney,2019-10-15,15.1,25.1,0,5.6,9.7,NE,50,WNW,NE,11,22,88,67,1013.6,1009.7,7,1,17.2,23.2,No,0,No,0.611851692199707
Sydney,2019-10-16,17.2,24.1,0,7.4,6.1,SSW,37,S,ESE,17,15,84,73,1012.8,1009.2,7,6,18.6,21.3,No,0,No,0.665832281112671
Sydney,2019-10-17,17,28,0,4.2,11.4,W,72,WNW,W,13,37,85,26,1006.5,1005.6,3,2,19.3,26.2,No,0,No,0.410560011863708
Sydney,2019-10-18,11.6,23.7,0,10,11.5,W,39,WSW,NE,15,17,42,44,1017.5,1013.9,0,0,16,22.6,No,0,No,0.33667728304863
Sydney,2019-10-19,14,28.4,0,8.8,10.5,W,70,W,WNW,11,37,34,19,1015.3,1010,1,2,19,27.7,No,0,No,0.259491860866547
Sydney,2019-10-20,11.9,22.5,0,8.8,12.1,ESE,31,W,E,17,19,44,35,1022.4,1021,1,1,15.4,21.8,No,0,No,0.0771077498793602
Sydney,2019-10-21,11.6,24,0,6.8,12.2,ENE,30,WNW,ENE,17,24,69,57,1027.2,1024.7,5,1,15.7,22.7,No,0,No,0.279357224702835
Sydney,2019-10-22,12.7,24.2,0,5.8,12.2,E,37,W,ENE,13,20,81,57,1026.1,1022,1,1,16.2,22.4,No,0,No,0.419735759496689
Sydney,2019-10-23,15.2,25.6,0,7.4,11.6,ENE,48,NNE,ENE,9,24,80,65,1023.9,1018.1,3,1,19.9,24.1,No,0,No,0.527917325496674
Sydney,2019-10-24,18.1,27.4,0,8,10.9,WNW,39,S,ESE,13,17,82,69,1019,1016.3,1,2,20.7,24.2,No,0,No,0.686151325702667
Sydney,2019-10-25,17.1,36.7,0,8.6,9.7,NNW,48,WNW,NE,20,13,43,16,1012.6,1006.7,0,5,25.7,35.3,No,0,No,0.154791012406349
Sydney,2019-10-26,22.9,31.1,0,13.2,9.8,WNW,74,WNW,WNW,19,35,37,18,1003.3,1001.5,6,3,26.5,30.4,No,0,No,0.337159246206284
Sydney,2019-10-27,15.5,24.2,0,14.2,12.3,W,50,WSW,E,28,22,30,35,1015.5,1013.7,5,1,17.9,22.9,No,0,No,0.277917832136154
Sydney,2019-10-28,13,22.5,0,8,7.3,ESE,43,WNW,ESE,11,28,74,61,1021.6,1022.3,3,3,18.1,21.7,No,0,No,0.502545297145844
Sydney,2019-10-29,13.4,26,0,5.4,12.2,NE,46,WNW,NE,9,22,78,54,1024.1,1018.9,3,0,18,25.4,No,0,No,0.489009171724319
Sydney,2019-10-30,16.1,26.3,0,10,5.2,E,28,WNW,E,9,22,77,64,1018.6,1015.7,7,7,20,24.2,No,0,No,0.447312355041504
Sydney,2019-10-31,17.4,26.5,0,5,10.2,ENE,41,NE,ENE,6,19,87,61,1017.9,1015.4,5,0,20.4,26.1,No,0,No,0.494170933961868
Sydney,2019-11-01,17.3,26.9,0,7,11.6,NE,57,NE,NE,9,20,78,60,1018.1,1014.6,0,0,20.5,26.4,No,0,No,0.555564284324646
Sydney,2019-11-02,17.6,27.9,0,10,9.1,nan,NA,nan,nan,NA,NA,76,55,1016.5,1012.8,7,4,21.6,26.7,No,0,No,0.478779524564743
Sydney,2019-11-03,17.8,28.5,0,9.2,3.7,nan,NA,nan,nan,NA,NA,76,62,1013.2,1009,6,7,21.9,24.1,No,0,Yes,0.529893457889557
Sydney,2019-11-04,16.1,25.2,18.2,5.8,11,nan,NA,nan,nan,NA,NA,75,67,1014.5,1012.7,2,1,20.2,24.5,Yes,0,Yes,0.673280000686646
Sydney,2019-11-05,14.7,20,0.2,8.2,9.7,SSE,2,nan,nan,NA,NA,62,48,1014.8,1015.4,5,1,17.2,18.8,Yes,0,No,0.0879262089729309
Sydney,2019-11-06,11.5,27.9,0,7.4,12.8,NE,39,nan,E,NA,26,55,46,1013.9,1007.3,1,1,17.5,23.8,No,0,No,0.299345791339874
Sydney,2019-11-07,17.5,31.1,0,11.2,11.9,NW,57,NW,ESE,24,28,23,32,1003.9,1003,0,1,25.2,27.8,No,0,No,0.386744529008865
Sydney,2019-11-08,18.3,30.5,0,12.6,12.2,W,69,WNW,W,20,39,31,19,1002.2,997.8,0,3,24.1,30.3,No,0,No,0.279835939407349
Sydney,2019-11-09,12.7,21,0,12.6,12.3,WSW,46,W,ESE,22,24,36,36,1012.3,1010.1,1,3,15.1,19.9,No,0,No,0.365666598081589
Sydney,2019-11-10,14,25.6,0,10,12.2,W,44,WSW,E,26,20,40,37,1012.5,1011,2,1,18.4,25,No,0,No,0.266303956508636
Sydney,2019-11-11,14.4,26.6,0,8,11.7,NNE,56,NNW,NE,20,28,66,50,1016.6,1011.7,2,1,19.5,25.7,No,0,No,0.492541313171387
Sydney,2019-11-12,16.6,36.2,0,9.4,11,SSE,65,N,WNW,24,26,28,10,1007.3,1000.7,1,2,25.5,35.7,No,0,No,0.25150665640831
Sydney,2019-11-13,14.2,24.1,0,14.6,12.9,W,44,W,E,26,19,28,33,1013.6,1011.3,1,0,17.9,22.4,No,0,No,0.244580581784248
Sydney,2019-11-14,14.8,25.5,0,10.8,11.1,W,37,SW,ENE,7,20,33,32,1015.9,1011.1,2,1,20.5,25.1,No,0,No,0.249050781130791
Sydney,2019-11-15,15.3,31.5,0,10,11.8,S,52,W,NE,6,17,45,29,1010.4,1005.1,2,5,22.8,29.1,No,0,No,0.345800012350082
Sydney,2019-11-16,17,24.4,0,12,8.3,S,52,SE,ESE,19,22,69,59,1016.3,1014.7,5,5,19.6,21.9,No,0,No,0.558247625827789
Sydney,2019-11-17,18,23.1,0,5.8,4.9,ESE,46,S,SE,11,26,80,61,1015.1,1016.2,7,5,19.9,20.6,No,0,No,0.551686346530914
Sydney,2019-11-18,15.5,25.8,0,6.8,11,NNE,46,NNW,NE,15,24,66,58,1019.4,1013.2,6,0,20.1,24.3,No,0,No,0.495686739683151
Sydney,2019-11-19,16.2,32.3,0,9,12.4,SSE,56,,NE,NA,24,43,26,1012.1,1007.5,0,0,23.7,30.5,No,0,No,0.337446272373199
Sydney,2019-11-20,17.8,26.4,0,14.4,6.4,SSE,39,SSW,E,13,20,73,49,1018.3,1016.1,8,1,19,25.9,No,0,No,0.446234464645386
Sydney,2019-11-21,16.3,28.5,0,6,10.7,NE,52,N,NE,9,22,73,61,1016.2,1010.7,0,1,22,27.9,No,0,No,0.523168206214905
Sydney,2019-11-22,19.8,25.2,0,7.6,5.7,SSE,56,SSE,SSE,26,20,73,68,1012.7,1013.1,5,6,22.1,22.3,No,0,Yes,0.630575716495514
Sydney,2019-11-23,18.4,22,7.2,5,0,SSE,33,SSW,ESE,11,9,88,78,1015.4,1013.6,8,8,18.9,21.3,Yes,0,Yes,0.755466401576996
Sydney,2019-11-24,18.5,25.2,0.6,3.6,2.5,SSE,46,SSE,ESE,17,17,73,57,1020,1016.6,8,7,19.3,24.8,Yes,0,No,0.600781679153442
Sydney,2019-11-25,18.3,28.7,0,5.8,5.3,NNE,52,NW,NE,11,19,81,61,1012.4,1007.1,7,5,21.7,25.6,No,0,Yes,0.56204754114151
Sydney,2019-11-26,18.9,34.4,1.6,7.2,7.4,NNW,104,NE,N,11,24,64,46,1003.5,997.9,3,7,25,29.6,Yes,0,Yes,0.844559490680695
Sydney,2019-11-27,14.5,23.9,2,14,12.6,nan,NA,S,E,4,20,43,41,1016.5,1014.6,1,0,18.3,22.9,Yes,0,No,0.340289443731308
Sydney,2019-11-28,NA,NA,NA,8.8,11.8,nan,NA,nan,ENE,NA,28,70,60,1017,1014.1,1,0,20,26.1,No,0,No,0.35974058508873
Sydney,2019-11-29,20,29.9,NA,9,6.3,NE,41,NNE,E,7,20,79,62,1014.6,1010.1,8,1,21.5,26.2,No,0,No,0.512813746929169
Sydney,2019-11-30,19.4,24.2,0,6.6,3.5,SSE,56,S,SE,26,9,80,71,1008.6,1006.5,7,6,20.4,21,No,0,No,0.744282424449921
Sydney,2019-12-01,17.1,24.3,0,6.8,6.3,WNW,48,ENE,ENE,6,22,65,60,1006.9,999,8,2,18.3,23.2,No,0,No,0.640985906124115
Sydney,2019-12-02,16.5,22.9,0,8.8,6.3,WSW,70,W,W,26,35,43,30,994.6,993.9,7,3,18.7,21.3,No,0,No,0.377616345882416
Sydney,2019-12-03,14,28.7,0,8,10.7,W,41,W,NE,17,19,38,32,1005.3,1002.5,0,0,19,26.4,No,0,No,0.291308850049973
Sydney,2019-12-04,18.1,30.9,0,9,10.8,NE,31,NW,E,11,17,34,32,1009,1005.8,0,0,23.3,27.2,No,0,No,0.141214683651924
Sydney,2019-12-05,15.9,34.6,0,7,10.7,S,37,NW,E,13,17,36,17,1009.4,1003.9,1,NA,24,33.8,No,0,No,0.112407654523849
Sydney,2019-12-06,17.6,24.2,0,8,3.7,SSE,46,E,E,11,17,74,74,1007,1003.4,5,NA,22.1,23.5,No,0,No,0.690171718597412
Sydney,2019-12-07,17.6,26.1,0,5,7.9,ESE,39,E,E,2,22,73,63,1013,1010.5,3,NA,21.7,24.4,No,0,No,0.452689707279205
Sydney,2019-12-08,19.4,26.9,0,8,4.7,E,37,E,E,20,24,63,55,1019.6,1019.2,7,5,21.8,26,No,0,No,0.347913175821304
Sydney,2019-12-09,20,26.4,0,7.6,7,NNE,54,NE,NE,20,26,76,66,1021.8,1017.1,7,1,23.1,25.7,No,0,No,0.564287304878235
Sydney,2019-12-10,18.7,30.1,0,8.2,6.5,S,61,WNW,SSE,4,26,83,70,1012.7,1010.9,0,7,22.8,25.8,No,0,No,0.680261552333832
Sydney,2019-12-11,18.1,24.3,0,6.6,2.9,S,43,SW,SE,19,20,79,60,1016.4,1013.3,8,4,18.4,22.4,No,0,No,0.501522243022919
Sydney,2019-12-12,18.2,23.6,0,6.6,3.9,ESE,35,S,ESE,13,20,75,61,1014.7,1013,8,8,19.6,21.9,No,0,Yes,0.471307069063187
Sydney,2019-12-13,18.2,24.8,0.2,7.2,0.7,ESE,33,E,ESE,7,24,75,62,1016.1,1013.4,8,5,19.8,22.8,Yes,0,No,0.452509462833405
Sydney,2019-12-14,19,28.1,0,4.2,6.7,SSE,33,W,E,4,20,74,68,1011.9,1008.2,4,1,21.8,24.7,No,0,No,0.556669294834137
Sydney,2019-12-15,20.3,28.8,0,7.6,4.2,NNE,35,W,ENE,4,13,79,68,1010.8,1005.7,7,8,23.1,25.2,No,0,No,0.560475468635559
Sydney,2019-12-16,19.3,24,0,6.6,9.1,S,65,S,SE,20,31,65,57,1011.9,1014.4,3,6,22.3,23.1,No,0,No,0.574685454368591
Sydney,2019-12-17,16.4,26.5,0,7.4,12.5,E,28,ENE,ESE,6,20,59,49,1020.7,1019.5,2,0,21,24.6,No,0,No,0.183532536029816
Sydney,2019-12-18,16.7,27.5,0,8.8,11.1,ENE,50,N,NE,13,28,63,53,1020.4,1016.8,1,1,21.9,26.5,No,0,No,0.42709943652153
Sydney,2019-12-19,18.8,39.8,0,11.2,6.1,S,59,WNW,ESE,13,7,65,42,1013,1010,0,NA,23.9,31.6,No,0,No,0.523180186748505
Sydney,2019-12-20,18.9,28.9,0,7.4,10.2,ENE,37,S,E,7,19,72,60,1020.9,1017.9,5,0,22.4,25.6,No,0,No,0.435416996479034
Sydney,2019-12-21,20.5,29.9,0,8.6,8.5,S,65,N,E,4,19,74,63,1013.8,1007.8,0,0,24.4,28.1,No,0,No,0.728385388851166
Sydney,2019-12-22,18.4,23.4,0,10,3.5,SSW,44,SSE,SSE,22,20,69,52,1021.4,1021.7,7,7,19.3,22.9,No,0,No,0.436616122722626
Sydney,2019-12-23,16.9,26.1,0,6.4,2.4,NNE,31,W,NE,7,17,71,54,1021.2,1017.3,7,6,19.3,24.9,No,0,No,0.410693645477295
Sydney,2019-12-24,19.3,29.1,0,5.2,1.9,E,31,E,E,17,15,85,68,1014.4,1014,7,7,23.5,26,No,0,Yes,0.448709160089493
Sydney,2019-12-25,21.3,29.3,1.6,4.4,10.5,ENE,43,ESE,E,13,28,76,55,1017.9,1016.1,5,1,23.7,28.2,Yes,0,No,0.470352411270142
Sydney,2019-12-26,20.1,29.4,0,8.6,12.1,NE,52,NE,NE,13,26,70,53,1019.3,1016.8,2,0,23.4,27.9,No,0,No,0.475640654563904
Sydney,2019-12-27,19.7,29.1,0,11.4,11.7,NE,54,NNE,ENE,19,28,65,50,1020.5,1018.3,1,0,24.2,27.6,No,0,No,0.46591255068779
Sydney,2019-12-28,19.1,30.8,0,12,11.4,NNE,56,ENE,NE,13,20,68,46,1018.8,1015.3,0,0,23.8,30.3,No,0,No,0.461524575948715
Sydney,2019-12-29,19.7,26.8,0,11,5.4,ENE,31,E,E,6,15,77,62,1016.6,1013.7,0,NA,22.9,26.5,No,0,No,0.404885619878769
Sydney,2019-12-30,19.3,28.3,0,5.8,10.3,NNE,43,E,E,9,22,83,56,1014.5,1009.9,NA,NA,22.4,27.4,No,0,No,0.460036337375641
Sydney,2019-12-31,20.3,36.6,0,8.2,9.7,S,69,ESE,NNE,4,26,67,30,1007.5,1003.3,NA,1,25.5,36,No,0,No,0.488914877176285
Sydney,2020-01-01,18.9,27.3,0,14.2,4.5,SSW,39,S,ESE,11,24,68,60,1015,1013.5,8,5,20.9,24.9,No,0,No,0.58029168844223
Sydney,2020-01-02,19.3,29,0,7.2,5.3,SSW,35,ESE,ESE,17,20,64,51,1019.8,1017.4,7,7,22.6,27.2,No,0,No,0.575078427791595
Sydney,2020-01-03,21.9,29.4,0,NA,8.2,NE,43,WNW,E,9,26,79,68,1017.5,1012.5,8,0,24.1,27.6,No,0,No,0.617927253246307
Sydney,2020-01-04,20.9,36.4,0,15.4,10.5,S,81,E,E,9,20,72,45,1010.2,1004.8,1,3,26.6,33,No,0,No,0.779015958309174
Sydney,2020-01-05,21.4,26.6,0,16,4.4,SSW,67,S,S,20,26,66,60,1018.5,1018.2,6,6,22.5,24,No,0,No,0.68654203414917
Sydney,2020-01-06,19.4,27.9,0,8.4,0.2,ESE,31,ESE,E,17,17,70,55,1021,1018,8,8,21.8,27.3,No,0,Yes,0.221661001443863
Sydney,2020-01-07,20.1,28.8,3,4,2.8,NE,37,ENE,ENE,4,26,90,79,1015.8,1011.3,8,7,22.2,25.1,Yes,0,Yes,0.73344361782074
Sydney,2020-01-08,21.1,27.7,3,5.6,0.3,S,48,SSW,S,20,33,83,63,1015.9,1014.6,NA,NA,22.7,27.4,Yes,0,No,0.644852757453918
Sydney,2020-01-09,21.2,26.5,0,6.8,0.2,SSW,33,SSW,S,15,17,87,66,1018.1,1016.8,7,7,21.5,26.2,No,0,Yes,0.551908373832703
Sydney,2020-01-10,21.4,31.3,0.4,3.8,8.1,NNE,52,NNE,NE,11,24,84,60,1013.6,1006.7,7,0,24.2,30.5,Yes,0,Yes,0.692998051643372
Sydney,2020-01-11,19,23.1,0.2,11.2,0.1,S,76,S,S,24,22,83,56,1013,1013,8,7,19.1,22.4,Yes,0,No,0.829188644886017
Sydney,2020-01-12,18.9,22.1,0,6.4,0,SSE,37,SE,SSE,15,20,60,87,1018.2,1018.7,8,8,21.6,19.4,No,0,Yes,0.696203172206879
Sydney,2020-01-13,17.2,29.1,0.6,2.4,9.8,ENE,33,WNW,E,13,20,84,51,1020.2,1017.8,4,3,20.3,27.2,Yes,0,No,0.484772056341171
Sydney,2020-01-14,19,28.9,0,9.6,8.9,E,33,,E,NA,24,81,60,1018.1,1016,7,1,23,26.9,No,0,No,0.156088247895241
Sydney,2020-01-15,18.8,28.3,0,7,8.1,E,31,WNW,E,4,24,83,57,1014.7,1010.9,1,6,22,26.8,No,0,Yes,0.359009087085724
Sydney,2020-01-16,21.2,28.1,0.6,6.2,0,S,46,N,ENE,2,4,93,82,1007.8,1005.3,8,8,21.8,24.9,Yes,0,Yes,0.900564789772034
Sydney,2020-01-17,18.4,22.2,29,6.8,0,SSW,50,SSW,SSW,22,22,97,94,1008.9,1009.1,8,8,18.4,20,Yes,0,Yes,0.939053177833557
Sydney,2020-01-18,18.3,22.8,33,3.2,0,SSW,52,SSW,SW,28,17,89,83,1009.1,1009.2,8,8,21.3,22.1,Yes,0,Yes,0.905114054679871
Sydney,2020-01-19,18.7,26.6,4,3,2.6,SSE,28,W,S,11,13,94,71,1008.9,1006.5,7,7,20.4,25.4,Yes,0,Yes,0.668379485607147
Sydney,2020-01-20,20.4,29.1,0.2,3.4,8.3,NE,44,ESE,NE,4,17,85,86,1004.9,999,5,7,23.7,26.2,Yes,0,Yes,0.879899144172668
Sydney,2020-01-21,19.6,31.9,3,6.6,12.9,ESE,37,WNW,ESE,17,26,51,41,1007.2,1006.5,1,1,24.6,29.6,Yes,0,No,0.235173270106316
Sydney,2020-01-22,20,30.7,0,9.6,12.3,NE,44,WNW,E,6,30,81,68,1011.5,1007.1,1,1,23.3,30,No,0,No,0.607982456684113
Sydney,2020-01-23,22.7,41.2,0,10.6,8.4,NNW,72,N,NNW,22,41,48,19,1003,998.2,5,4,30.3,40.8,No,0,No,0.45198518037796
Sydney,2020-01-24,22.9,28.5,0,15.6,0,NNW,52,SSW,E,19,13,82,63,1009.8,1009.9,7,7,23,27.9,No,0,Yes,0.683474481105804
Sydney,2020-01-25,22.3,29.1,2.2,4.6,5.2,ESE,28,ENE,E,15,19,78,75,1015.1,1012.8,8,5,25.7,27.9,Yes,0,No,0.579353034496307
Sydney,2020-01-26,24.2,32.5,0,7.4,9.6,NNE,59,E,ENE,7,20,86,67,1012.1,1008.4,6,6,25.9,30.7,No,0,Yes,0.761195003986359
Sydney,2020-01-27,22.5,30.2,0.2,9.4,4.5,S,54,S,ESE,15,17,83,67,1014.7,1012.2,7,3,23.9,29.4,Yes,0,No,0.814092218875885
Sydney,2020-01-28,22.7,31.3,0,7.4,6.6,S,44,W,E,6,17,84,76,1012.9,1009.1,6,7,25.5,27.6,No,0,No,0.758118033409119
Sydney,2020-01-29,23.1,29,0,6,3.1,S,39,S,SE,17,15,71,65,1016.3,1015.8,7,7,24.5,27.4,No,0,No,0.538704872131348
Sydney,2020-01-30,19.9,30.1,0,7.6,11.7,ENE,39,W,ENE,7,28,83,59,1018.1,1014.2,7,7,23,29.9,No,0,No,0.447476625442505
Sydney,2020-01-31,23,32.4,0,7.4,10.8,NE,50,NNE,ENE,4,28,85,68,1015.9,1011.9,1,0,25.8,30.4,No,0,No,0.631000161170959
Sydney,2020-02-01,23.7,36.4,0,9.6,11.3,NNE,56,E,NE,13,17,85,48,1011,1006.9,0,1,26.5,35.5,No,0,No,0.614918112754822
Sydney,2020-02-02,24.6,31.1,0,10,3.1,SSE,44,S,SE,13,26,81,69,1007.1,1005.1,4,6,25.3,29.3,No,0,Yes,0.651868402957916
Sydney,2020-02-03,22.2,31.7,23,7.8,6.9,SSE,72,SSE,E,11,19,97,66,1006.1,1003.1,8,5,23.3,28.8,Yes,0,Yes,0.921541690826416
Sydney,2020-02-04,18.2,23.7,3,9.4,4.5,SSE,54,SSW,ESE,22,20,58,56,1020.8,1020.9,6,7,18.9,21.6,Yes,0,Yes,0.646032989025116
Sydney,2020-02-05,17.9,27.4,0.6,7,9.3,E,37,W,E,9,20,72,57,1021.2,1018.5,3,7,20.5,25.9,Yes,0,Yes,0.564484119415283
Sydney,2020-02-06,20.4,24.4,0.6,8,0,ENE,44,ENE,E,22,9,77,80,1022.2,1021.6,7,7,23.1,23.1,Yes,0,Yes,0.787562549114227
Sydney,2020-02-07,18.5,22.6,78.2,4,0,E,59,ESE,ESE,35,28,100,99,1021.3,1019.7,7,7,19.2,20.7,Yes,0,Yes,0.952748775482178
Sydney,2020-02-08,18.9,23.8,69.2,NA,0,ESE,70,E,ENE,24,44,88,94,1018.9,1017.6,7,7,22.5,21.1,Yes,0,Yes,0.940237939357758
Sydney,2020-02-09,19.1,21.9,65.4,NA,0,ESE,102,SE,ESE,43,59,99,100,1014.6,1008.9,8,8,19.2,20.2,Yes,0,Yes,0.987720668315887
Sydney,2020-02-10,19.2,27.8,164.8,NA,5.6,ESE,63,,E,NA,20,NA,81,1010.2,1007.8,6,5,21.7,26.7,Yes,0,No,0.941356837749481
Sydney,2020-02-11,20.6,30.8,0,4.2,10.5,NE,44,W,ENE,11,17,94,74,1009.2,1006.9,4,6,21.9,26.9,No,0,No,0.732086300849915
Sydney,2020-02-12,21.9,26.4,0,7.8,2.3,ESE,33,E,ESE,6,20,90,90,1009.7,1009.7,5,8,24.3,23.9,No,0,Yes,0.753249526023865
Sydney,2020-02-13,21.5,26.3,7.8,3,0.9,ENE,35,ESE,ENE,17,17,99,95,1011.7,1010.8,7,7,23.6,23,Yes,0,Yes,0.886530697345734
Sydney,2020-02-14,20.2,27.8,5.4,4,12.1,SSE,35,SSE,SSE,17,19,81,57,1010.2,1007.1,2,1,22.7,26.9,Yes,0,No,0.532657980918884
Sydney,2020-02-15,18.3,28.5,0,8,8.2,ESE,26,WNW,ESE,11,13,88,68,1006,1006.4,1,7,21,25.3,No,0,Yes,0.525312542915344
Sydney,2020-02-16,20.2,27.7,1,4.4,9.3,ESE,30,SSW,SE,9,20,81,64,1014.5,1014.2,2,7,22.1,26.6,Yes,0,Yes,0.568604111671448
Sydney,2020-02-17,20.7,26.1,1,5.6,2.1,W,17,WNW,ENE,7,11,91,79,1014.9,1012.8,7,7,22.1,24.2,Yes,0,Yes,0.728115856647491
Sydney,2020-02-18,20.3,30,0.4,3,7,W,104,NNW,NE,6,22,94,67,1010,1005.1,7,7,21.7,29.7,Yes,0,Yes,0.970136344432831
Sydney,2020-02-19,19.9,29.1,11.2,9.8,12.1,W,44,W,W,22,15,57,35,1003.1,1002.6,0,3,22.4,28.2,Yes,0,No,0.227386400103569
Sydney,2020-02-20,17.7,25.5,0,9.8,10.2,ESE,39,SE,SE,9,20,77,55,1010.7,1011.2,5,2,19.7,24.1,No,0,No,0.454811155796051
Sydney,2020-02-21,19.7,26.6,0,7,6.8,SE,37,ESE,ESE,4,19,72,63,1016.5,1016.1,7,7,21.9,25.2,No,0,No,0.658157169818878
Sydney,2020-02-22,18.5,24.3,0,5.8,0.8,SSW,33,ENE,ESE,15,6,86,67,1023.9,1023.3,7,7,19.4,23.4,No,0,No,0.723311007022858
Sydney,2020-02-23,19.4,25.9,0,4.6,1.4,ENE,30,WNW,NE,9,15,80,64,1024.7,1023,7,7,21.7,25.2,No,0,Yes,0.451501160860062
Sydney,2020-02-24,19.1,28.4,2,4.2,11.6,ENE,31,WNW,E,7,26,83,62,1021.5,1018.9,6,1,21.7,27.9,Yes,0,Yes,0.570729732513428
Sydney,2020-02-25,19.8,29.7,0.2,8,11.1,NNE,48,NW,ENE,2,28,88,58,1017.2,1013,1,5,22,29.2,Yes,0,No,0.65386551618576
Sydney,2020-02-26,21.7,32.2,0,8.8,9,SSW,74,NW,NW,6,11,67,58,1006.8,1003,7,7,26.1,28.9,No,0,Yes,0.811333775520325
Sydney,2020-02-27,20.1,27.2,0.6,10.6,6.8,SSE,39,SSE,E,4,28,67,55,1011.8,1007.9,7,2,21,26.6,Yes,0,No,0.581728458404541
Sydney,2020-02-28,18.7,25.7,0,6.4,11.1,SSE,43,SSW,SSE,19,19,61,60,1010.8,1012.3,1,7,20.5,23.7,No,0,No,0.464558750391006
Sydney,2020-02-29,19,27.9,0,6.8,8.1,E,33,WNW,E,13,22,80,53,1017.6,1014.6,2,7,20.4,26.9,No,0,No,0.26329505443573
Sydney,2020-03-01,18.7,29.7,0,5.4,10.5,NNE,48,WNW,ENE,4,20,92,62,1014.4,1010.2,1,5,21.1,28.2,No,0,No,0.618886947631836
Sydney,2020-03-02,20,38,0,9.6,9.1,S,80,W,E,17,9,61,19,1009.2,1007.3,3,7,23.4,37.5,No,0,No,0.483668088912964
Sydney,2020-03-03,20.4,21.9,0,10,0,SSE,31,SSE,SSW,15,13,72,81,1019.1,1019.6,8,8,21.3,20.5,No,0,Yes,0.675885319709778
Sydney,2020-03-04,18.6,25.6,22.4,1.4,0,ENE,46,E,ENE,28,15,100,74,1019.4,1016.3,8,7,19.9,24.7,Yes,0,Yes,0.790597081184387
Sydney,2020-03-05,19.9,22.8,8,3.2,0,NNE,54,NE,N,15,19,95,98,1011.9,1008,7,7,22.1,20.9,Yes,0,Yes,0.961403846740723
Sydney,2020-03-06,20.7,27.6,40.6,1.4,5.7,S,44,WNW,SSE,13,20,98,79,1007.4,1009.2,6,8,21.7,24.5,Yes,0,No,0.896605730056763
Sydney,2020-03-07,19.4,24.9,0,6.8,6.4,SSE,44,SSW,SSE,19,28,84,66,1019.3,1019.5,7,2,19.9,23.4,No,0,Yes,0.592816770076752
Sydney,2020-03-08,16.6,23.2,18.8,7.8,3.6,SSE,33,SW,SSE,15,17,95,66,1021.5,1019.5,8,7,18.1,21.3,Yes,0,Yes,0.661529719829559
Sydney,2020-03-09,16.7,22.2,7.2,2.8,NA,SSE,37,ESE,SSE,4,24,96,74,1021.7,1020.6,7,7,16.7,21.2,Yes,0,Yes,0.829895436763763
Sydney,2020-03-10,16.6,23.6,4,4.4,4.9,S,24,S,SE,13,13,80,57,1022.2,1020.6,6,6,18.7,23.3,Yes,0,No,0.378420382738113
Sydney,2020-03-11,15.4,26,0,3.6,10.6,ESE,28,WNW,ESE,13,19,93,55,1023.4,1023.1,2,4,17.1,25.3,No,0,Yes,0.265290886163712
Sydney,2020-03-12,17,26.6,0.8,5.4,10.8,E,28,WNW,E,11,17,92,53,1025.7,1023.5,1,1,19,26.2,Yes,0,No,0.519293010234833
Sydney,2020-03-13,15.1,26.5,0,7.4,11.2,NE,37,WNW,E,13,24,91,57,1020.9,1016.1,1,1,17.1,25.7,No,0,No,0.417449861764908
Sydney,2020-03-14,17.1,17.9,0,7.8,0,S,65,S,WSW,41,22,80,94,1016.5,1018.4,7,8,17.3,13.1,No,0,Yes,0.926248550415039
Sydney,2020-03-15,13,20.3,12.6,4.4,3.3,SSE,48,S,SSW,22,15,76,92,1021.8,1021.8,4,7,17.2,17.5,Yes,0,Yes,0.916866540908813
Sydney,2020-03-16,15.7,22.5,15,3.4,3.3,SE,48,WNW,SSE,7,19,100,92,1024.7,1025.3,7,7,17.6,18.9,Yes,0,Yes,0.941727697849274
Sydney,2020-03-17,14.8,23.9,10.4,4.4,4.3,W,28,W,ESE,11,13,96,65,1027.8,1026.3,7,7,16.9,22.9,Yes,0,No,0.638753771781921
Sydney,2020-03-18,14.6,25.8,0,2.6,10.7,NNE,35,W,ENE,9,19,98,59,1027,1022.5,1,2,15.8,24.5,No,0,Yes,0.443342983722687
Sydney,2020-03-19,15.8,32,0.2,7,10.6,WNW,22,WNW,ENE,19,13,87,46,1022.1,1019.3,5,3,18.2,30.4,Yes,0,No,0.330294251441956
Sydney,2020-03-20,18.2,34.7,0,6.6,10,S,48,WNW,NW,4,20,68,29,1015.7,1010.9,7,1,22.8,34.3,No,0,No,0.279106706380844
Sydney,2020-03-21,18.1,27.6,0,9.8,9.7,SSE,39,WNW,SSE,13,22,90,67,1019.9,1019.9,1,6,19.6,23.2,No,0,No,0.597798526287079
Sydney,2020-03-22,18,29.6,0,6.8,10.3,SSE,48,W,E,6,15,91,60,1018.7,1015.8,7,7,19.8,28,No,0,Yes,0.635869443416595
Sydney,2020-03-23,18.1,23,0.6,6.6,4.9,S,46,S,SSE,15,22,69,66,1025.3,1024.6,5,6,19.9,22.1,Yes,0,Yes,0.702919661998749
Sydney,2020-03-24,16.4,22.4,6,5,0.5,NE,31,NNW,E,13,20,97,75,1024.8,1021.7,7,7,17.4,21.5,Yes,0,Yes,0.740596771240234
Sydney,2020-03-25,17.4,25.6,0.4,3.4,4.3,SSE,39,WNW,SSE,6,24,84,73,1019.1,1018.3,6,8,19.4,23.5,Yes,0,Yes,0.724748849868774
Sydney,2020-03-26,16.9,22.4,19.4,5.8,3.7,SSE,50,S,SSW,20,28,77,72,1025,1025,7,6,18.9,21,Yes,0,Yes,0.809911787509918
Sydney,2020-03-27,17.4,23.9,0.6,1.8,3.6,E,35,ESE,ESE,20,19,71,52,1027.2,1025.9,6,6,20.2,22.5,Yes,0,No,0.416337937116623
Sydney,2020-03-28,15,26.2,0,4.6,5.6,E,33,WNW,ENE,13,17,93,53,1025.6,1023,3,7,16.4,24.7,No,0,Yes,0.286309778690338
Sydney,2020-03-29,16.4,26,13.4,5.6,7.5,NE,41,W,NE,2,24,100,71,1020.9,1017.2,5,6,18.5,25.2,Yes,0,Yes,0.804661095142365
Sydney,2020-03-30,18.5,24.8,1,4,1.7,NNW,31,NW,WNW,6,11,94,66,1014.1,1011.4,7,7,20.1,24.5,Yes,0,No,0.674417972564697
Sydney,2020-03-31,17.2,27,0,2.8,10.1,ESE,28,WNW,SE,11,17,95,67,1016.7,1015.7,2,2,18.1,26.7,No,0,No,0.506237506866455
Sydney,2020-04-01,18.1,24.8,0,4.6,0.8,ENE,35,E,ENE,13,17,88,78,1019.9,1017.6,7,7,22.1,24.5,No,0,No,0.604437112808228
Sydney,2020-04-02,18.8,25.4,0,3.8,2.2,NE,33,NNE,N,7,9,92,81,1015.2,1011.6,7,8,20.6,22.5,No,0,Yes,0.760169744491577
Sydney,2020-04-03,17.5,25.8,4.8,1.8,3.4,NE,31,ESE,E,6,17,93,71,1010.4,1006.1,3,7,18.8,25.1,Yes,0,Yes,0.709263503551483
Sydney,2020-04-04,18.8,25.6,7.2,3.2,8.2,W,65,NNW,WNW,28,31,90,36,998.5,1000.8,6,1,20.1,23.9,Yes,0,No,0.621101915836334
Sydney,2020-04-05,14,24.9,0,9.8,10.6,NNW,41,NW,WNW,19,17,54,33,1014.1,1011.1,3,1,18.6,24.2,No,0,No,0.181348949670792
Sydney,2020-04-06,14.1,24.9,0,NA,9.7,SSE,46,WNW,SE,13,22,60,63,1018.5,1017.2,2,5,19.3,21.9,No,0,Yes,0.560982704162598
Sydney,2020-04-07,15.2,21.7,4.8,11.6,5.8,SSE,35,S,SSE,11,17,82,65,1022.5,1020.8,7,7,17.9,20.4,Yes,0,Yes,0.616145431995392
Sydney,2020-04-08,15.8,20.4,7.2,4.6,0.2,SSE,31,SE,S,11,17,83,69,1022.6,1022.1,8,7,17.8,20.1,Yes,0,No,0.641179919242859
Sydney,2020-04-09,16.3,22.2,0,1.2,2.4,SSE,28,WSW,SSW,13,9,83,74,1027.1,1024.6,6,6,18.6,20.7,No,0,Yes,0.591876804828644
Sydney,2020-04-10,17.6,23.3,1.2,2,3.1,WSW,59,N,N,13,13,94,69,1020.3,1012.2,8,2,18.4,23,Yes,0,Yes,0.911395907402039
Sydney,2020-04-11,13.7,26.5,3.4,3.4,10.6,W,80,WNW,W,19,41,61,33,1005.8,1000.2,2,2,19.6,25.3,Yes,0,No,0.575391471385956
Sydney,2020-04-12,11.9,22.6,0,7.6,10.9,W,37,W,ESE,22,17,49,46,1016.3,1015.4,1,1,15.3,21.3,No,0,No,0.258409649133682
Sydney,2020-04-13,11.2,22.6,0,4.8,8.8,ENE,24,WNW,ENE,15,19,75,57,1022,1019.7,5,6,15.6,21.6,No,0,No,0.157016023993492
Sydney,2020-04-14,12.9,24.5,0,NA,10.8,E,24,WNW,E,15,13,80,66,1025.1,1021.6,1,1,16.9,23,No,0,No,0.382569164037704
Sydney,2020-04-15,14.8,25.4,0,NA,10.5,E,22,WNW,ENE,11,19,82,63,1023.6,1018.4,5,3,18.8,23.6,No,0,No,0.265894383192062
Sydney,2020-04-16,17.7,25.7,0,12.8,0.5,NNW,37,NNW,NNW,7,20,62,52,1014,1009.3,7,7,22.1,24.7,No,0,No,0.437575340270996
Sydney,2020-04-17,17.2,27.9,0,5.2,10.2,W,35,W,SSW,20,17,51,21,1011.2,1008.8,2,1,21.1,27.3,No,0,No,0.0603082552552223
Sydney,2020-04-18,13,24.9,0,6.8,NA,WSW,44,W,ESE,17,19,59,42,1013.8,1011.3,1,1,16.3,22.5,No,0,No,0.445322006940842
Sydney,2020-04-19,12.2,23.9,0,NA,7.8,WNW,22,WNW,ESE,19,13,76,60,1014.5,1013.1,3,3,16.3,23.3,No,0,No,0.376928955316544
Sydney,2020-04-20,13.6,19.4,0,8,0.1,W,28,W,NNW,11,15,84,57,1016.1,1012.4,7,7,16.3,19,No,0,No,0.426272064447403
Sydney,2020-04-21,13.9,25.4,0,1.8,10.2,ENE,30,WNW,ENE,11,20,66,59,1019.3,1014.7,2,2,18.4,23.1,No,0,No,0.253495931625366
Sydney,2020-04-22,13.9,26.3,0,5.6,10.2,W,39,W,E,19,15,66,35,1019,1016.5,1,5,18.7,25.8,No,0,No,0.230802416801453
Sydney,2020-04-23,12.9,26.2,0,NA,9.4,N,31,WNW,NE,22,17,68,47,1021.3,1016,3,1,16.4,24.5,No,0,No,0.17602801322937
Sydney,2020-04-24,16.4,28.4,0,10.6,9.9,WSW,31,W,WSW,11,13,61,32,1017.4,1015.8,1,1,20.4,27.4,No,0,No,0.0661976113915443
Sydney,2020-04-25,14.2,25.8,0,4,10.3,NNE,37,WNW,NE,13,20,76,64,1022.1,1017.7,0,1,18.4,25.1,No,0,No,0.474774479866028
Sydney,2020-04-26,16,27.8,0,7.2,6.1,NW,41,NW,WNW,2,20,59,38,1015.2,1012.1,6,8,20.8,25.1,No,0,No,0.268697142601013
Sydney,2020-04-27,16.1,21.6,0,3.4,1.8,ENE,35,WNW,ENE,13,17,84,72,1024,1023,6,7,17,21.1,No,0,Yes,0.583069801330566
Sydney,2020-04-28,17,24.4,0.4,2.8,0.6,ENE,35,NE,NE,17,17,66,68,1024.7,1021.2,7,8,21.1,21.4,Yes,0,Yes,0.6375692486763
Sydney,2020-04-29,16.9,25.1,0.4,4.4,7,NNE,39,N,NE,6,17,86,75,1016,1011.8,5,7,19.8,23.3,Yes,0,Yes,0.811079204082489
Sydney,2020-04-30,19.1,21.1,0.2,5.6,0,WSW,59,NE,WSW,15,9,82,97,1006.5,1007,7,8,21,13.9,Yes,0,Yes,0.977147936820984
Sydney,2020-05-01,10.3,16.7,17.2,0.6,10.2,W,70,NW,NW,22,41,54,38,1009,1005.8,3,3,13.8,16,Yes,0,No,0.593646943569183
Sydney,2020-05-02,12.4,18.3,0,6.6,10.1,WNW,67,NW,WNW,33,35,47,35,1005.2,1002.8,3,1,14.9,18.2,No,0,No,0.370436936616898
Sydney,2020-05-03,10.8,19.6,0,7.2,10.2,W,43,W,SSW,28,17,54,39,1017,1018.3,1,1,13.8,19,No,0,No,0.152458921074867
Sydney,2020-05-04,9.5,19.4,0,4,9.4,SSW,39,W,S,22,20,71,53,1025.9,1024.9,1,4,13.4,17.3,No,0,Yes,0.330230385065079
Sydney,2020-05-05,11.7,20.9,11.4,3.8,7.5,SSW,35,W,S,20,15,93,66,1030.7,1028.9,6,2,14.3,20.5,Yes,0,No,0.617499649524689
Sydney,2020-05-06,11,24.1,0,2,10,W,22,WNW,NE,17,15,95,40,1029.9,1024.6,2,3,13.4,24,No,0,No,0.149642571806908
Sydney,2020-05-07,11.2,24.8,0,4,5.5,NNW,28,WNW,N,9,13,84,50,1022.8,1018.7,7,6,13.9,23.7,No,0,No,0.232849702239037
Sydney,2020-05-08,13.9,28,0,4.2,10,WNW,41,WNW,NNE,19,6,59,39,1018.6,1015,0,1,20.2,27.4,No,0,No,0.336380958557129
Sydney,2020-05-09,16.3,25.8,0,6.4,NA,W,48,NNW,N,28,28,54,43,1013.7,1008.8,3,6,20.7,25.2,No,0,No,0.569438874721527
Sydney,2020-05-10,11.3,19.3,0,5.3,9.8,W,56,W,SSW,35,11,47,29,1019.9,1019.8,1,1,13.2,19.1,No,0,No,0.165420413017273
Sydney,2020-05-11,8,19.4,0,5.2,9.7,W,37,W,SSE,24,17,58,39,1027.4,1026,1,1,11.6,18.7,No,0,No,0.111457817256451
Sydney,2020-05-12,8.5,21.9,0,3,9.7,W,28,W,NE,17,15,74,44,1027.7,1023.4,1,2,11.2,21.3,No,0,No,0.178120672702789
Sydney,2020-05-13,10.1,19.6,0,4,3.8,W,26,W,W,19,15,77,47,1023.4,1021.6,7,7,12.9,18.4,No,0,No,0.111322544515133
Sydney,2020-05-14,10.2,18.6,0,1.6,4.7,S,44,WNW,S,19,19,84,81,1027.3,1026.8,4,7,11.4,15.1,No,0,Yes,0.713940858840942
Sydney,2020-05-15,9.7,15.6,3.4,3.8,2.5,S,39,W,SSW,20,17,76,93,1029.8,1028.3,6,7,12,14.1,Yes,0,Yes,0.869218051433563
Sydney,2020-05-16,11,19.6,7.8,17,4.1,W,22,WNW,NNW,13,2,100,72,1032,1029.6,7,7,13,18.2,Yes,0,Yes,0.636323273181915
Sydney,2020-05-17,9.8,22.4,0.2,1,7.9,SE,24,WNW,SE,17,13,96,65,1031.5,1029.9,1,7,12.2,18.5,Yes,0,Yes,0.473874032497406
Sydney,2020-05-18,11.3,21,1.2,2.4,2.7,E,26,WNW,ENE,11,13,94,76,1033.7,1030.9,7,7,14.1,18,Yes,0,Yes,0.747397065162659
Sydney,2020-05-19,13.7,21.4,1,0.6,9.4,E,22,WNW,E,17,19,99,62,1030.2,1025.6,1,1,14.4,21.1,Yes,0,No,0.580425262451172
Sydney,2020-05-20,13.1,24.5,0,3.6,7.9,NNW,46,N,NNW,13,20,78,56,1019.8,1014.8,5,5,16.7,22.8,No,0,No,0.564148843288422
Sydney,2020-05-21,14.6,18.8,0,4.8,1.8,NW,57,WNW,E,4,4,85,86,1013.9,1009.9,7,3,16.2,17.7,No,0,Yes,0.915797412395477
Sydney,2020-05-22,8.9,15.9,25.2,4.8,0.5,SW,61,W,WSW,31,26,71,67,1010.3,1008.3,7,7,12.1,15.1,Yes,0,Yes,0.766955435276031
Sydney,2020-05-23,11,17.7,3,2.8,3.1,W,48,W,W,22,24,71,68,1007.2,1007.1,1,7,14.4,15.5,Yes,0,Yes,0.669569730758667
Sydney,2020-05-24,13.7,17.2,0.2,2.8,0.2,SW,76,SW,SSW,28,33,67,64,1011.5,1011.9,7,7,15.9,16.3,Yes,0,Yes,0.849166035652161
Sydney,2020-05-25,13.3,15.5,0.2,5.4,0,SSW,63,SW,SSW,30,30,83,82,1017.1,1016.6,7,7,13.8,15.2,Yes,0,Yes,0.908090949058533
Sydney,2020-05-26,13.5,20,53.4,2.6,3.5,SSW,46,SW,S,19,19,98,68,1022.4,1021.3,7,7,14.5,18.1,Yes,0,Yes,0.834455192089081
Sydney,2020-05-27,11.6,20.5,7,3.4,6.3,WNW,26,W,SSE,17,9,97,63,1022.9,1019.9,4,4,13.3,20.3,Yes,0,No,0.480312794446945
Sydney,2020-05-28,11.1,22.7,0,2.2,8.2,W,26,WNW,SSE,19,9,97,54,1021.7,1019.3,1,3,13.3,22.5,No,0,No,0.247818008065224
Sydney,2020-05-29,11.6,15.7,0,2.6,0,WNW,26,WNW,WNW,19,11,86,94,1027.3,1026.5,7,8,13.3,15.4,No,0,Yes,0.706226944923401
Sydney,2020-05-30,10.7,20.6,7,0.2,7.9,NNE,28,WNW,NE,11,15,100,64,1027.9,1023.6,1,1,13,20.1,Yes,0,No,0.583503305912018
Sydney,2020-05-31,12.8,22.3,0,3.2,4,N,39,N,N,17,15,76,51,1019.2,1015.6,7,2,16.9,21.7,No,0,No,0.477757513523102
Sydney,2020-06-01,14.4,22.6,0,2.8,7.6,NNW,61,N,NNW,22,37,58,35,1009.3,1005.5,3,5,17.9,21.6,No,0,Yes,0.48224875330925
Sydney,2020-06-02,7.8,14.9,4.8,6.8,0.8,WSW,56,NW,W,13,19,91,55,1014.3,1014.5,7,7,8.1,14.8,Yes,0,Yes,0.726847648620605
Sydney,2020-06-03,8.1,18.7,0.2,2,9.4,SW,44,W,S,24,26,64,43,1021.5,1023.8,1,1,13.7,17.3,Yes,0,No,0.294808357954025
Sydney,2020-06-04,10.1,17,0,3.8,6,W,37,W,SSW,22,19,63,54,1032.9,1030.8,5,5,11.3,16.5,No,0,No,0.258034855127335
Sydney,2020-06-05,7.1,19.4,0,2.4,9.8,W,24,WNW,E,15,13,84,61,1030.6,1025.6,1,1,9.3,18.6,No,0,No,0.336300313472748
Sydney,2020-06-06,7.4,19.7,0,2.4,9.8,W,28,WNW,E,19,4,77,54,1026.1,1022.2,1,2,9.4,17.7,No,0,No,0.30632758140564
Sydney,2020-06-07,8.3,17.2,0,2.6,1.9,S,33,WNW,S,17,17,91,77,1023.3,1021.8,7,8,9.5,14.7,No,0,Yes,0.594568967819214
Sydney,2020-06-08,9.2,17.3,19.8,2,6.8,SW,43,W,SSW,22,24,86,69,1028.4,1028,1,6,10.9,15.8,Yes,0,Yes,0.669736504554749
Sydney,2020-06-09,10.7,19.8,4.8,3.4,4.8,SSW,26,WNW,SSE,13,13,100,75,1033.2,1031.3,3,5,11.9,19.6,Yes,0,Yes,0.638860821723938
Sydney,2020-06-10,11.9,16.1,6.2,1,0,ENE,37,W,NE,11,6,100,98,1029.9,1026,7,8,13.7,15.9,Yes,0,Yes,0.942310869693756
Sydney,2020-06-11,13.4,NA,7.2,1.4,7.5,SSE,41,WNW,SSE,19,26,98,NA,1023.7,1022.3,1,3,13.9,NA,Yes,0,No,0.574365019798279
Sydney,2020-06-12,11.9,16.2,NA,2,0.3,WNW,28,WNW,W,15,15,96,97,1026.3,1024.3,8,8,13.8,14.5,No,0,Yes,0.768919408321381
Sydney,2020-06-13,11.1,19.8,6,2,4.3,E,22,WNW,ENE,13,11,100,84,1023.5,1018.9,6,7,12.6,18.1,Yes,0,Yes,0.835614800453186
Sydney,2020-06-14,12.6,21.8,10,0.8,6.3,WNW,41,NNW,W,9,20,98,36,1014,1014.4,7,1,14.4,21.2,Yes,0,No,0.387976258993149
Sydney,2020-06-15,8.8,20.6,0,3,9.8,W,30,WNW,WNW,15,19,72,51,1023.6,1021,1,1,11.8,20.1,No,0,No,0.161623790860176
Sydney,2020-06-16,10.3,21.5,0,3.2,9.3,WNW,30,WNW,WNW,13,13,79,46,1024.2,1021.8,0,1,13,21.4,No,0,No,0.149643793702126
Sydney,2020-06-17,10.7,17.4,0,3.4,1.5,SSE,39,WNW,SE,20,24,76,72,1031.7,1032.7,6,8,12.8,16.7,No,0,Yes,0.572412014007568
Sydney,2020-06-18,11.8,19.9,3.2,1.2,4.7,SE,30,WNW,E,17,13,87,59,1038.3,1035.1,7,3,13.3,17.2,Yes,0,No,0.543276607990265
Sydney,2020-06-19,9.1,20.1,0,4,8.7,E,24,WNW,ENE,15,17,95,72,1032.6,1027.6,1,1,11.3,19,No,0,No,0.494421482086182
Sydney,2020-06-20,9,21.8,0,2.8,6.8,N,24,WNW,S,17,2,99,53,1024.9,1019.5,7,1,9.3,21.2,No,0,Yes,0.332653969526291
Sydney,2020-06-21,9.3,19.3,5.8,1.4,5,WSW,43,NW,W,9,9,95,66,1014.3,1008.8,8,1,11.7,18.7,Yes,0,Yes,0.766394793987274
Sydney,2020-06-22,9.1,17.8,0.6,2,4.3,W,39,W,WNW,17,19,79,57,1010.6,1008.6,7,5,10.4,14.7,Yes,0,No,0.428751200437546
Sydney,2020-06-23,7.8,17.4,0,2,8.6,W,44,W,W,13,28,69,43,1012.3,1011.1,3,3,10.8,17,No,0,No,0.197773024439812
Sydney,2020-06-24,7.8,18.8,0,3.6,5.4,SW,43,WNW,SW,20,22,72,54,1014.3,1013.6,3,7,11.1,17.5,No,0,No,0.318778246641159
Sydney,2020-06-25,9.5,19.7,0,2.2,9.3,W,41,W,W,26,26,77,46,1019.9,1018.1,0,1,11.5,18.7,No,0,No,0.200252488255501
Sydney,2020-06-26,8.5,19.3,0,3,8.7,WNW,33,W,SSE,19,15,72,48,1023.9,1022.6,1,2,10.8,18.3,No,0,Yes,0.194375932216644
Sydney,2020-06-27,9.5,16.6,1.2,2.6,2.7,S,33,NW,SSE,9,19,82,66,1027.9,1026.3,7,7,10.7,15.2,Yes,0,Yes,0.570499360561371
Sydney,2020-06-28,9.1,16.2,0.2,2.4,2,SSE,41,WNW,S,20,22,80,67,1028.3,1026.3,5,7,9.8,14.9,Yes,0,Yes,0.612752914428711
Sydney,2020-06-29,9.5,16.8,8.4,2.6,1.7,W,26,WNW,SSE,17,13,99,78,1028.1,1026.1,7,7,11.8,14.7,Yes,0,Yes,0.666324257850647
Sydney,2020-06-30,8.5,18.8,1.8,0.8,8,ENE,24,W,ENE,13,13,100,74,1026.9,1022.1,2,5,9.7,18.6,Yes,0,No,0.690759122371674
Sydney,2020-07-01,7.9,22.8,0,1.4,8.9,W,28,W,E,22,6,87,44,1022.1,1017.8,1,1,11.2,21.4,No,0,No,0.220162719488144
Sydney,2020-07-02,11.2,22.9,NA,3.4,9.2,NNW,54,NNW,NNW,22,35,58,46,1016.1,1013.2,1,3,17.6,21.3,No,0,No,0.453030496835709
Sydney,2020-07-03,10.4,18.7,0,3.6,8.2,W,37,WNW,W,11,19,64,40,1020.8,1017.8,1,2,12.9,18.5,No,0,Yes,0.173530414700508
Sydney,2020-07-04,8.7,17.1,1.6,3.8,7.6,W,52,W,SW,17,2,88,40,1019.7,1018.6,6,1,9.3,16,Yes,0,Yes,0.462203592061996
Sydney,2020-07-05,8.5,19.1,0.2,3.4,8.6,W,39,W,SSE,20,13,67,43,1022.1,1021.1,1,2,11.2,17.4,Yes,0,No,0.265841335058212
Sydney,2020-07-06,7.8,19.3,0,2.4,9.2,W,31,W,SSE,24,9,79,50,1028,1026,1,1,10.3,18.9,No,0,No,0.218458607792854
Sydney,2020-07-07,10.2,16.9,0,3,3.5,S,37,WNW,SW,19,11,76,60,1030.4,1028.8,2,5,11.1,15.5,No,0,Yes,0.449544817209244
Sydney,2020-07-08,10.9,17.6,11.2,1.2,0.7,W,20,W,ESE,13,2,99,79,1031.5,1029.3,7,7,11.7,14.2,Yes,0,No,0.723259091377258
Sydney,2020-07-09,8.5,17.9,0,0.8,8.8,WNW,22,WNW,ENE,19,19,99,78,1031.5,1027.7,1,2,10.2,17,No,0,No,0.572274088859558
Sydney,2020-07-10,10.1,17.7,0,2.8,2.4,WNW,20,W,WNW,17,7,99,76,1027.2,1023.6,7,7,11.1,16.5,No,0,Yes,0.431593209505081
Sydney,2020-07-11,11.1,15.9,4.8,0,0.5,WNW,19,WNW,WNW,7,6,98,88,1018.1,1013.9,8,7,12.6,15.7,Yes,0,Yes,0.722639799118042
Sydney,2020-07-12,9.3,18.8,0.6,1.6,6.3,N,43,W,ENE,20,9,99,70,1016.4,1014.8,1,5,10.5,15.4,Yes,0,Yes,0.80865603685379
Sydney,2020-07-13,8.5,18.4,4.6,2.4,8.1,W,33,WNW,SW,20,11,98,58,1018.7,1016.5,3,4,10.3,16.9,Yes,0,Yes,0.467443704605103
Sydney,2020-07-14,10.3,15.9,19.4,1.2,3.3,SSE,74,S,S,30,30,82,76,1016.3,1016.6,7,4,14.5,15.5,Yes,0,Yes,0.92492538690567
Sydney,2020-07-15,10.9,15,16.4,1.6,2.1,SW,59,W,SW,19,30,77,71,1018.3,1016.3,6,7,12.2,13.8,Yes,0,No,0.810895681381226
Sydney,2020-07-16,9.3,15.3,0,4.4,2.1,SSW,57,W,SW,26,24,63,72,1017.5,1016.2,4,7,11.3,13.9,No,0,Yes,0.652857184410095
Sydney,2020-07-17,10.8,15.1,0.2,3.8,0.2,SSW,48,W,SSW,24,20,72,70,1020.4,1020.1,7,7,11.9,14.9,Yes,0,Yes,0.689616441726685
Sydney,2020-07-18,9.5,18.1,1.2,1.2,3.1,WSW,24,WNW,E,17,7,79,59,1022,1019.5,7,7,12.6,17.6,Yes,0,No,0.518627226352692
Sydney,2020-07-19,7.6,20.7,0,NA,7.3,W,22,WNW,WNW,15,9,95,50,1018.1,1013.4,5,6,10.1,18.2,No,0,No,0.151510044932365
Sydney,2020-07-20,9.9,19.4,0,5,9.7,W,46,WSW,WSW,24,17,44,29,1018.9,1017.9,1,0,12.6,19.4,No,0,No,0.108529143035412
Sydney,2020-07-21,7.8,17.4,0,4,9.7,W,37,W,S,24,17,67,49,1026.8,1026.3,1,1,10.6,16.7,No,0,No,0.265257358551025
Sydney,2020-07-22,7,20,0,2.6,8.1,WNW,26,W,E,20,13,77,60,1027.8,1024,7,6,10.1,17.3,No,0,No,0.374273806810379
Sydney,2020-07-23,7.3,20.1,0,2.2,9.6,W,26,W,E,19,11,79,61,1026.4,1024,1,1,10,19.2,No,0,No,0.377206385135651
Sydney,2020-07-24,8.1,19,0,2.8,8.7,E,24,WNW,E,13,20,99,71,1027.9,1025.1,1,2,10.1,17.5,No,0,No,0.552895724773407
Sydney,2020-07-25,9.3,18,0,3,1.6,ENE,33,WNW,E,6,7,99,91,1026.1,1023.4,7,7,9.8,15.5,No,0,Yes,0.862200498580933
Sydney,2020-07-26,9.8,16.5,7.4,0.4,0,SSE,74,W,SSE,9,6,100,100,1018.6,1011.7,8,8,13.6,15.1,Yes,0,Yes,0.984159231185913
Sydney,2020-07-27,13.5,16.3,84.6,25.4,0,SW,56,W,SSW,24,22,100,93,997.6,998.7,8,8,15.5,14.5,Yes,0,Yes,0.969080865383148
Sydney,2020-07-28,12.3,18.4,53.2,1,4.2,SSW,54,SW,SSW,26,20,96,69,1007.7,1009.8,7,6,15.3,18.1,Yes,0,Yes,0.854869186878204
Sydney,2020-07-29,10.1,19.3,3.8,2.6,9.2,S,33,WNW,S,17,22,79,58,1017,1015.5,2,3,13.8,18.1,Yes,0,No,0.477183014154434
Sydney,2020-07-30,10.1,18.3,0,4,9.4,SSE,39,WNW,S,20,20,83,54,1023.7,1023,1,3,12.4,17.1,No,0,No,0.409132540225983
Sydney,2020-07-31,8.2,18.8,0,2.6,9.6,W,26,WNW,ESE,20,9,79,50,1029.1,1026.4,1,1,11,18.6,No,0,No,0.266087621450424
Sydney,2020-08-01,6.8,20.3,0,2.8,9.8,W,24,WNW,E,15,17,92,63,1027.1,1022.9,1,3,9.2,17.4,No,0,No,0.406697392463684
Sydney,2020-08-02,7.2,20.1,0,2.6,8.9,W,26,WNW,ESE,22,13,81,51,1025.5,1022.6,1,5,10.9,18.6,No,0,No,0.282419234514236
Sydney,2020-08-03,7.5,21.8,0,3.2,6.6,W,24,WNW,ESE,19,7,93,41,1020.3,1014.7,6,7,9.9,20.1,No,0,No,0.214463710784912
Sydney,2020-08-04,8.8,21.5,0,3.4,8.7,W,48,NW,NW,4,22,64,38,1011.8,1007.5,1,7,13,19.9,No,0,No,0.413622796535492
Sydney,2020-08-05,6.4,18.1,0,5.2,10,WSW,57,NW,WNW,24,24,49,26,1013.4,1011.2,1,1,10.3,17.8,No,0,No,0.218930974602699
Sydney,2020-08-06,6.7,17.6,0,4,9.9,W,43,W,SE,20,17,56,39,1019.1,1018.3,1,4,9.9,15.8,No,0,No,0.221147134900093
Sydney,2020-08-07,8.9,13.6,0,3.4,0,ESE,37,WNW,SE,17,13,87,97,1022.3,1018.4,8,8,11.7,12.2,No,0,Yes,0.821002662181854
Sydney,2020-08-08,11.2,15.8,28.6,1.6,1,W,41,W,W,20,9,100,88,1014.2,1010.6,7,7,12.4,14.3,Yes,0,Yes,0.89690774679184
Sydney,2020-08-09,8.5,14.7,6,2.6,1.6,NW,57,W,W,22,30,77,95,1011.7,1007.5,7,8,11.2,10.5,Yes,0,Yes,0.924183070659637
Sydney,2020-08-10,9.1,16.8,36.2,1.6,4.6,SSE,74,SSE,SSW,39,15,69,59,1015.7,1017.7,2,7,14.6,15.2,Yes,0,Yes,0.836859107017517
Sydney,2020-08-11,10.2,18.2,2,3.2,4.8,W,31,WNW,ESE,17,4,87,64,1021.7,1018.4,7,6,12,16.5,Yes,0,No,0.61030375957489
Sydney,2020-08-12,10.2,18.6,0,2.8,1.3,NNE,48,,N,NA,7,89,60,1016.9,1012,7,7,13.2,17.6,No,0,Yes,0.5759157538414
Sydney,2020-08-13,9.8,23.3,1.2,1,9.1,W,31,N,WNW,2,11,98,44,1014.5,1012.3,1,3,13.4,23.1,Yes,0,No,0.383014500141144
Sydney,2020-08-14,10.5,17.6,0,2.8,1.8,W,20,WNW,WNW,15,4,88,72,1016,1012.5,7,8,13.3,17.1,No,0,Yes,0.407883942127228
Sydney,2020-08-15,11.8,20.6,3.2,0.6,7.7,WSW,56,W,W,20,30,91,46,1007.5,1004.9,2,6,14.4,19.8,Yes,0,Yes,0.554973244667053
Sydney,2020-08-16,12.4,20.6,2,6,8.1,W,59,W,W,15,35,70,39,1007.1,1004.3,6,3,14.6,19.2,Yes,0,Yes,0.423561781644821
Sydney,2020-08-17,10.1,21,0.2,5.2,10.8,W,44,W,W,20,24,64,41,1008.9,1006,1,1,14.7,20.4,Yes,0,No,0.283866494894028
Sydney,2020-08-18,10.8,21.3,0,5.4,8.9,WNW,41,NW,W,15,19,62,46,1006.8,1001.7,6,6,14.6,19.6,No,0,No,0.351325631141663
Sydney,2020-08-19,11.1,21.4,0,4,9.7,W,83,N,NW,28,30,57,33,997.4,992.2,1,4,16.7,19.4,No,0,No,0.671203672885895
Sydney,2020-08-20,11.3,18.7,0,7,10.8,W,69,NW,WNW,26,39,49,37,1000.8,1002.1,1,1,14.1,17.7,No,0,No,0.442367613315582
Sydney,2020-08-21,9.7,18.4,0,5.4,9.6,NW,52,NW,WNW,17,31,56,41,1007.4,1003.8,1,7,14.5,17.6,No,0,No,0.386915862560272
Sydney,2020-08-22,9.3,15.8,0,6.6,10.3,NW,56,WNW,WNW,22,35,56,34,1004.4,1002.3,4,6,11.1,14.6,No,0,No,0.296960890293121
Sydney,2020-08-23,8.9,17.3,0,3,10.8,WNW,69,W,WSW,39,39,51,37,1007.2,1007.3,1,2,12.1,16.2,No,0,No,0.306422740221024
Sydney,2020-08-24,8.4,19.6,0,5.4,11,W,50,W,SE,28,17,48,37,1019,1018.7,0,1,11.7,18,No,0,No,0.250464498996735
Sydney,2020-08-25,6.2,18.9,0,4,10.7,W,33,W,SSE,22,19,56,55,1027.2,1026.1,1,1,10.7,14.7,No,0,No,0.243238359689713
Sydney,2020-08-26,6.2,20.1,0,3.8,10.8,W,28,WNW,E,20,20,67,51,1030.6,1026.7,1,0,10.6,17.3,No,0,No,0.187854021787643
Sydney,2020-08-27,6.6,22.4,0,3,10.8,NNW,28,WNW,E,20,13,68,22,1026.8,1020.7,1,1,10.7,22.1,No,0,No,0.0379553250968456
Sydney,2020-08-28,10.7,19.6,0,7.4,10.7,SW,41,SW,SE,19,15,37,32,1024.1,1025,1,0,14.6,17.9,No,0,No,0.174725472927094
Sydney,2020-08-29,7.4,22.3,0,4.6,10.9,W,22,WNW,E,15,17,65,47,1030.7,1026.9,0,0,12.5,19.7,No,0,No,0.123577170073986
Sydney,2020-08-30,8.2,24.7,0,5,11,WNW,20,WNW,ESE,15,13,72,47,1025.4,1018.4,0,0,12.5,24.1,No,0,No,0.175206005573273
Sydney,2020-08-31,12.5,22.6,0,6.8,9.2,SSE,57,NW,SSE,13,37,56,NA,1018,1018.1,1,1,18.9,NA,No,0,No,0.533696711063385
Sydney,2020-09-01,10.4,19.6,0,5.2,9.1,SSE,31,WNW,ENE,11,17,63,48,1025.3,1021.7,3,3,15,19.1,No,0,No,0.27828323841095
Sydney,2020-09-02,9.4,24.1,0,4.6,7.3,NNW,39,W,N,9,19,72,36,1021.3,1016,7,7,13.8,23.5,No,0,No,0.248956352472305
Sydney,2020-09-03,13.8,30.5,0,6.4,9.3,NNW,59,NNW,NNW,28,26,38,30,1016.4,1012.6,1,7,23.8,28.6,No,0,No,0.393908232450485
Sydney,2020-09-04,18.4,20.7,0,9,0,WNW,28,W,SSE,11,4,53,83,1017.8,1014.1,7,7,20.7,17.4,No,0,Yes,0.629050314426422
Sydney,2020-09-05,12.9,22.3,6.4,0.8,9.8,W,41,W,ESE,19,17,69,34,1017.2,1016.8,0,2,16.2,21.6,Yes,0,Yes,0.384433597326279
Sydney,2020-09-06,10.5,21.2,0.2,4.6,9.5,ENE,28,WNW,ENE,11,19,79,56,1028.8,1027.4,2,3,15.5,19.9,Yes,0,Yes,0.458682835102081
Sydney,2020-09-07,11.3,22.7,0.2,4.8,10.6,NE,39,W,NE,9,22,76,58,1032,1029.2,1,0,16.2,21.1,Yes,0,No,0.534693479537964
Sydney,2020-09-08,11.3,23.5,0,6.4,9.6,NNE,33,W,NE,4,17,73,59,1030,1024.7,7,7,16.2,22.1,No,0,No,0.435132145881653
Sydney,2020-09-09,14.9,16.1,0,5.8,0,SSW,57,SSE,SSW,26,9,89,89,1028.3,1026.9,8,8,15.2,14.2,No,0,No,0.901741564273834
Sydney,2020-09-10,12.2,19.4,NA,4.4,9.1,ESE,44,ESE,SE,22,28,62,48,1029.6,1028.2,5,3,16.1,17.8,No,0,Yes,0.39270007610321
Sydney,2020-09-11,12.7,20.7,0.2,5.8,7.8,ESE,28,WNW,ENE,9,20,78,57,1031.9,1028.7,6,2,16.3,20.3,Yes,0,No,0.47582995891571
Sydney,2020-09-12,10.9,22.7,NA,5.2,10.7,NE,41,NNW,NE,20,22,66,54,1028.1,1023.7,1,1,17.2,21.8,No,0,No,0.448499262332916
Sydney,2020-09-13,11.7,25.6,0,7.4,4.7,W,50,W,WNW,13,24,67,34,1023.4,1020.4,7,7,17.1,24,No,0,No,0.263751178979874
Sydney,2020-09-14,12.1,22.1,0,1.8,10.8,ESE,30,SSW,ESE,7,20,68,66,1025.3,1023.9,1,3,18.8,20.3,No,0,No,0.448029845952988
Sydney,2020-09-15,14.9,22.9,0,5,6.4,NE,39,NE,NE,13,22,78,62,1029.2,1025.1,8,1,18.9,21.9,No,0,No,0.507786989212036
Sydney,2020-09-16,14,24.2,0,4.8,10.8,NE,41,E,NE,6,24,80,62,1024.5,1018.3,0,3,18.8,23.6,No,0,No,0.48741403222084
Sydney,2020-09-17,16,31.7,0,7,9.8,S,76,W,NW,13,9,58,31,1022.2,1018.6,6,7,21.5,30.9,No,0,No,0.530186116695404
Sydney,2020-09-18,14.7,18.2,0,6.6,0,S,33,S,SE,11,7,84,80,1032.2,1029.3,7,8,16.4,17.8,No,0,Yes,0.658302426338196
Sydney,2020-09-19,15.3,23,4.4,0.2,4.6,NE,48,WNW,E,6,24,96,81,1027.6,1022.3,7,7,17.5,21.2,Yes,0,Yes,0.875806510448456
Sydney,2020-09-20,16.2,23.5,2.4,5.8,4.9,NNE,43,NNE,NNE,9,26,94,75,1016.7,1011.1,8,3,16.2,21.2,Yes,0,Yes,0.755022764205933
Sydney,2020-09-21,15.5,29.2,7.8,2,9.5,N,37,N,NE,20,26,70,64,1011.5,1006.5,1,6,23.5,25.4,Yes,0,No,0.51508903503418
Sydney,2020-09-22,19.3,26.7,0,6.8,10.9,WNW,54,WSW,WNW,24,28,37,22,1010.4,1007.9,1,1,21.8,26.4,No,0,No,0.191434070467949
Sydney,2020-09-23,14,24.2,0,9.4,10.1,NW,46,W,W,7,26,39,28,1012.4,1009.3,1,3,20.3,23.1,No,0,No,0.235962241888046
Sydney,2020-09-24,12.3,21.9,0,6,10.9,W,52,WNW,W,26,26,41,26,1013.8,1010.8,1,2,17,21.8,No,0,No,0.175605043768883
Sydney,2020-09-25,12.9,24.3,0,7.8,9.1,WSW,106,N,NNW,28,33,40,27,1007.1,999,1,7,19.3,22.6,No,0,Yes,0.780158281326294
Sydney,2020-09-26,10,18,1.4,9.2,11.3,W,69,W,W,43,33,38,31,1009.3,1010.6,3,1,13.3,17.1,Yes,0,No,0.33059686422348
Sydney,2020-09-27,10.6,18.9,0,7.2,10.3,W,46,W,SSE,24,28,46,47,1021.3,1022.2,1,2,14.8,16.4,No,0,No,0.318369179964066
Sydney,2020-09-28,8.8,20.2,0,7.6,10.7,E,30,WNW,E,11,20,58,53,1028.1,1024.2,1,1,15.2,19.3,No,0,No,0.22867177426815
Sydney,2020-09-29,13.2,21.1,0,7.6,6.9,E,28,ENE,E,6,19,60,52,1027.8,1023,7,1,18,18.8,No,0,No,0.191073805093765
Sydney,2020-09-30,11.8,20.8,0,5.4,1.4,NNW,30,NNE,NE,20,13,64,68,1019.8,1013.8,7,8,18.2,18.6,No,0,Yes,0.502311229705811
Sydney,2020-10-01,14.4,25.5,2.6,3.8,9.2,E,39,WNW,ENE,6,19,70,57,1014.8,1014.5,1,1,19.2,22,Yes,0,Yes,0.556963443756104
Sydney,2020-10-02,11.6,24.7,0.2,3.8,11.3,N,31,WNW,ENE,13,15,75,54,1024.5,1021.9,0,0,18.1,23.2,Yes,0,No,0.457278162240982
Sydney,2020-10-03,12.9,25.2,0,7.2,11.2,NNE,48,WNW,NE,11,24,61,56,1026.8,1021.5,0,0,20.2,24.9,No,0,No,0.487242460250854
Sydney,2020-10-04,15.8,24.8,0,7.6,11.1,NNE,52,E,E,4,24,91,65,1021.4,1017.2,4,1,17.5,23.8,No,0,No,0.593384921550751
Sydney,2020-10-05,17.2,33.7,0,8.8,11.4,S,70,N,ENE,22,13,47,37,1017.2,1013.6,1,1,23.5,30.4,No,0,No,0.563684403896332
Sydney,2020-10-06,15.2,19.8,0,10,0,SSW,54,SSW,S,17,22,88,77,1022.3,1021,7,8,16.3,18.8,No,0,No,0.74429851770401
Sydney,2020-10-07,16.2,21.5,0,2,0,SW,24,SW,ESE,7,15,91,91,1020.8,1018.5,8,8,17.8,18.9,No,0,Yes,0.716897368431091
Sydney,2020-10-08,17.1,29.4,0.4,2.2,9.4,NNW,54,N,ESE,6,6,86,65,1011.8,1008.4,7,6,20.2,24.7,Yes,0,Yes,0.779681086540222
Sydney,2020-10-09,14.3,23.5,1,7,11.3,W,56,W,WNW,17,24,54,32,1014.6,1012.6,2,2,17,22.5,Yes,0,No,0.327119380235672
Sydney,2020-10-10,13.9,26,0,8,11.8,W,41,W,E,26,24,52,35,1019.4,1016.5,0,1,16.6,23.4,No,0,No,0.2406215518713
Sydney,2020-10-11,13.4,28.2,0,8.6,9.1,NE,37,WNW,NE,7,20,58,35,1021.6,1018.2,2,6,17.7,26.6,No,0,No,0.214526802301407
Sydney,2020-10-12,17,25.3,0,7.2,8.5,SSE,37,WNW,ESE,11,19,85,60,1024.3,1021,6,3,19.2,24,No,0,No,0.536434948444366
Sydney,2020-10-13,14.8,28.8,0,7.6,11.9,S,48,WNW,E,11,15,86,45,1022.5,1020.2,0,1,17.8,26.5,No,0,No,0.472145766019821
Sydney,2020-10-14,16.7,23.5,0,7.8,11.2,S,39,SSE,ESE,24,19,73,61,1027.6,1025,5,7,18.7,21.9,No,0,No,0.508670032024384
Sydney,2020-10-15,15,25.8,0,5,10.2,ENE,44,N,NE,11,22,79,57,1021,1014.7,3,1,19.5,24.6,No,0,No,0.46950751543045
Sydney,2020-10-16,18.1,19.7,0,8.6,0.5,SSW,59,SSW,SSE,30,24,81,71,1018.8,1019.6,7,7,18.2,18.7,No,0,No,0.70438152551651
Sydney,2020-10-17,15.6,26.3,0,3.4,4.7,NE,48,NE,NE,15,26,83,65,1014.6,1008.3,8,7,19.5,25.3,No,0,Yes,0.538362443447113
Sydney,2020-10-18,18,26.2,1.8,5.8,4,SE,46,,ESE,NA,22,80,54,1010.3,1010,7,7,19.9,23.2,Yes,0,Yes,0.574887990951538
Sydney,2020-10-19,15.1,21.3,3,4.4,6,SE,33,S,SE,15,20,90,67,1017.3,1016.8,6,2,16,19.4,Yes,0,No,0.566921353340149
Sydney,2020-10-20,16,22.2,0,7.2,4.7,E,33,NNE,E,6,17,82,70,1019.6,1017.9,7,4,17.4,20.5,No,0,Yes,0.52389919757843
Sydney,2020-10-21,14.6,24.6,0.4,3,11.9,NE,46,NNE,NE,13,24,75,58,1017.7,1014.2,2,1,18.6,24.1,Yes,0,No,0.540192246437073
Sydney,2020-10-22,16,26.3,0,8,7.5,NE,37,SE,ESE,7,15,83,59,1015.8,1013.9,7,6,19.4,24.1,No,0,No,0.50090628862381
Sydney,2020-10-23,18.1,25.7,0,2.8,9.9,NE,50,E,ENE,13,22,87,70,1014.4,1010,4,7,20.2,24.1,No,0,Yes,0.606145679950714
Sydney,2020-10-24,18.8,26,3.2,9.6,0.6,SSW,54,NNE,N,9,7,94,90,1005.9,1003,7,8,21.3,21.9,Yes,0,Yes,0.944103837013245
Sydney,2020-10-25,14,15.2,19,6.4,0,S,63,S,SSW,28,26,88,94,1013.1,1014,8,8,14,13.1,Yes,0,Yes,0.959488213062286
Sydney,2020-10-26,12.5,16.6,43.2,2.6,0,SSE,76,SSE,S,43,33,82,96,1017.6,1017.5,8,8,15.2,14.6,Yes,0,Yes,0.970964848995209
Sydney,2020-10-27,13.9,20.5,12.4,3.4,5,S,52,S,SSW,24,22,78,67,1020.4,1018.6,8,7,16.4,19.6,Yes,0,Yes,0.716792345046997
Sydney,2020-10-28,13.5,20,0.2,4.2,3.5,SSE,31,W,SSE,17,17,80,75,1020.1,1016.2,7,6,16.4,18.9,Yes,0,Yes,0.599848091602325
Sydney,2020-10-29,14.8,22.6,18.4,4.8,7.9,SW,35,SW,SE,11,19,91,59,1013.8,1010.4,8,2,16.4,21.1,Yes,0,No,0.555873036384583
Sydney,2020-10-30,12.8,24.7,0,4,10.4,ESE,30,WNW,ESE,11,19,87,64,1011.4,1010.1,3,5,17.1,22.2,No,0,Yes,0.478456050157547
Sydney,2020-10-31,16.9,NA,2.6,7.2,NA,nan,NA,ESE,S,6,24,99,78,1006.6,1007.7,7,7,17.8,18.9,Yes,0,Yes,0.796552121639252
Sydney,2020-11-01,14.5,19.7,14.8,2.2,1.4,SW,54,W,SSW,13,31,88,91,1014.4,1018,7,8,16.8,16.6,Yes,0,Yes,0.901611804962158
Sydney,2020-11-02,13.8,22.2,19,3,10.1,SSE,43,SSE,SSE,28,20,65,61,1027.1,1026.6,5,4,19.7,21.5,Yes,0,Yes,0.523151636123657
Sydney,2020-11-03,13.2,23.9,0.2,5.8,12.8,E,26,WNW,ESE,9,17,80,54,1026.8,1023.4,2,1,17.8,22.7,Yes,0,No,0.423262268304825
Sydney,2020-11-04,13.7,24.7,0,7.4,10.8,NNE,39,N,NE,15,17,72,62,1017.7,1011.2,6,4,18.1,23.5,No,0,Yes,0.485172361135483
Sydney,2020-11-05,15.5,15.6,2.8,7.2,0,S,65,S,SSW,30,30,95,90,1009.8,1010.4,8,8,15.6,14.4,Yes,0,Yes,0.945225417613983
Sydney,2020-11-06,12.4,21.6,23,4,9,SSW,50,SSW,SSE,13,24,82,49,1018.5,1016.8,5,4,13.9,20.9,Yes,0,No,0.512672424316406
Sydney,2020-11-07,12.6,20.7,0,7,8.2,SSE,54,WNW,S,9,33,78,54,1020.6,1022.5,4,3,17.4,19.3,No,0,Yes,0.539194881916046
Sydney,2020-11-08,14.7,21.1,1.2,7.4,11.5,SE,39,SSW,ESE,17,20,58,56,1029.1,1027.8,4,4,17,21,Yes,0,Yes,0.523692190647125
Sydney,2020-11-09,13.9,22.6,0.2,6.4,6.4,ENE,28,WNW,E,13,17,77,52,1028.4,1025.2,7,3,17,21.6,Yes,0,No,0.474301487207413
Sydney,2020-11-10,13.5,23.3,0,5.6,10.6,E,35,WNW,E,9,26,74,56,1025.1,1020.5,6,1,17.5,23,No,0,No,0.407612413167953
Sydney,2020-11-11,14.4,25.4,0,7.8,12.3,NNE,48,ESE,NE,6,20,85,71,1019.5,1015.1,3,2,19.4,23.8,No,0,No,0.615314483642578
Sydney,2020-11-12,17.6,28.6,0,8,10.8,NNE,46,E,NE,7,20,81,65,1010.6,1006.7,7,6,21.4,25.7,No,0,Yes,0.540235638618469
Sydney,2020-11-13,19,30.4,3.2,8.4,7.5,W,76,NNE,E,9,20,83,40,1005,1000.5,7,5,21.4,29.3,Yes,0,No,0.778618037700653
Sydney,2020-11-14,16.8,26.7,0,5.6,12.5,W,28,W,E,20,20,61,65,1009.3,1008.6,1,2,21.2,24.8,No,0,No,0.491614162921906
Sydney,2020-11-15,16.5,25.7,0,7.8,12.7,NNE,33,ESE,E,7,22,80,70,1016.1,1013.9,0,0,20.5,25.1,No,0,No,0.510848879814148
Sydney,2020-11-16,18.9,36.5,0,10.2,8.6,S,57,ESE,E,9,22,71,57,1011.7,1007.4,6,7,24.2,29.4,No,0,No,0.60313093662262
Sydney,2020-11-17,18.4,25,0,11,6.1,SSW,56,SE,E,20,24,66,59,1019.6,1019.7,7,7,21,22.5,No,0,Yes,0.62168288230896
Sydney,2020-11-18,16.6,25.4,0.4,5,9.4,ENE,37,ENE,ENE,13,20,73,57,1025.1,1022.5,7,1,19.7,24.1,Yes,0,No,0.450068652629852
Sydney,2020-11-19,15.8,26.7,0,7.4,12.1,NE,52,NE,NE,19,31,73,58,1023.2,1019.5,3,3,22,26.4,No,0,No,0.494097650051117
Sydney,2020-11-20,18.2,27.8,0,7.4,11.6,S,56,E,E,17,13,77,64,1017.5,1013.5,1,4,23.3,27.5,No,0,No,0.657463848590851
Sydney,2020-11-21,18.5,25.6,0,11.8,7.4,SSW,48,SSW,SE,19,19,74,58,1022.9,1020,7,6,20.2,24.8,No,0,No,0.517136096954346
Sydney,2020-11-22,17.8,25.6,0,7.8,4.8,E,28,ESE,NE,11,7,75,81,1017.5,1013.6,3,7,22.4,23,No,0,Yes,0.523402750492096
Sydney,2020-11-23,20.7,25.5,2.6,4.4,0.2,WSW,57,W,NW,7,19,94,69,1008.2,1004.6,7,7,22,23.1,Yes,0,Yes,0.835518538951874
Sydney,2020-11-24,18,24.6,1.6,4.8,10,SSW,48,S,SE,24,26,72,53,1011.7,1011.3,5,2,20.1,23.5,Yes,0,No,0.521554529666901
Sydney,2020-11-25,17.7,25,0,6.2,6.6,NNE,35,E,E,9,24,74,62,1015.3,1012.8,7,2,21.1,24.2,No,0,No,0.442160040140152
Sydney,2020-11-26,17.3,28.3,0,7.6,6.6,S,54,WNW,ENE,6,17,69,59,1012.1,1009.6,0,1,22.2,27.5,No,0,No,0.585214197635651
Sydney,2020-11-27,18.6,27.1,0,5.8,8.2,NNE,44,SSW,E,9,22,72,70,1019.4,1014.2,7,2,20.5,23.7,No,0,No,0.56701397895813
Sydney,2020-11-28,20.1,40.8,0,7.6,11.3,NNW,52,SSE,NNW,6,28,74,20,1009.4,1004.8,6,5,27.1,40.8,No,0,No,0.310001939535141
Sydney,2020-11-29,25.3,40.5,0,19.4,6.9,WNW,85,NW,WNW,22,48,38,22,1000.4,998.3,7,7,31.2,38.4,No,0,No,0.493180632591248
Sydney,2020-11-30,18.7,27.3,0,16,2.1,SSE,39,SSE,ENE,13,20,64,59,1018.2,1016.4,7,7,20.7,23.4,No,0,No,0.527835726737976
Sydney,2020-12-01,19.3,28.4,0,6.4,7,WSW,56,NNE,ENE,17,35,81,64,1013.3,1006.9,7,0,21.3,27.3,No,0,Yes,0.729153752326965
Sydney,2020-12-02,19,24,6.8,9.4,2.8,SSW,56,SSE,ESE,30,22,74,70,1018.8,1019.7,7,7,21.6,21.2,Yes,0,Yes,0.782498896121979
Sydney,2020-12-03,17.2,23,0.6,5.4,0,NE,37,ENE,NE,15,20,71,78,1022.7,1019.5,8,8,20.5,20.7,Yes,0,No,0.627080976963043
Sydney,2020-12-04,18.6,30,0,4,12.8,SSE,35,NW,E,6,13,80,64,1015.1,1010.8,0,1,23,25.5,No,0,No,0.576162397861481
Sydney,2020-12-05,19.5,25.1,0,10,0,NNE,43,ENE,ENE,13,13,78,73,1013.1,1006.2,7,8,21,23.6,No,0,Yes,0.591623663902283
Sydney,2020-12-06,20.9,30.7,6.2,1.8,13.4,W,56,WNW,W,20,31,48,22,1002,1000.8,1,1,23.8,29.7,Yes,0,No,0.287206619977951
Sydney,2020-12-07,18,30.8,0,14,12.3,W,50,NNW,W,24,24,36,23,1005.3,1002.5,1,1,23.8,29.7,No,0,No,0.290880739688873
Sydney,2020-12-08,15.6,24.5,0,13.2,13.3,SW,63,SSW,SE,17,24,44,40,1012.9,1014,1,1,18.4,22.2,No,0,No,0.456727534532547
Sydney,2020-12-09,14.4,26.7,0,9.2,13.1,ENE,39,W,E,15,28,59,49,1020.1,1016.8,1,1,19.9,24.6,No,0,No,0.281320750713348
Sydney,2020-12-10,16.9,27.3,0,12,9,S,65,,S,NA,41,69,65,1017.7,1019.4,3,5,21.2,24.1,No,0,No,0.629228174686432
Sydney,2020-12-11,17,23.9,0,11.6,5.1,SE,50,SSE,SE,24,22,52,48,1028.7,1028,6,7,19.7,21.5,No,0,Yes,0.433688908815384
Sydney,2020-12-12,15.5,25.1,1.6,8.2,7.1,ESE,43,ESE,SE,24,26,52,51,1030.5,1028.7,7,6,20.6,24.7,Yes,0,Yes,0.408426821231842
Sydney,2020-12-13,16,27.5,1.6,9.6,9,E,44,ESE,ENE,13,20,67,53,1026,1023.7,4,5,21.4,27,Yes,0,Yes,0.438948780298233
Sydney,2020-12-14,18.1,24.8,3.6,9.2,0.3,ENE,39,E,E,9,9,80,74,1021.1,1019.3,8,7,21.6,23.9,Yes,0,Yes,0.613789260387421
Sydney,2020-12-15,18.7,24.8,11.6,1.4,1.1,E,48,ESE,E,17,19,100,92,1017.2,1014.4,8,7,20.7,22.5,Yes,0,Yes,0.861805498600006
Sydney,2020-12-16,20.6,27.7,12.2,3.6,4.1,NE,48,NE,NE,17,28,100,90,1012.2,1008.9,7,7,22.6,23.6,Yes,0,Yes,0.865155637264252
Sydney,2020-12-17,21.4,30.5,0.2,5.6,8.1,NNE,44,NE,NE,11,20,86,67,1006.7,1003.9,7,3,24.6,28.7,Yes,0,No,0.607924699783325
Sydney,2020-12-18,22.2,30.3,0,5.4,3.3,NW,46,ESE,NW,6,20,78,52,1005.1,1005.1,6,8,27.3,29.9,No,0,Yes,0.485556930303574
Sydney,2020-12-19,19,19.6,1.4,5.8,0,SSE,41,SSE,SE,15,13,79,90,1017.2,1017.4,8,8,19.5,19,Yes,0,Yes,0.854985058307648
Sydney,2020-12-20,18,23.7,7,1.4,1.8,SSW,26,SSW,E,13,13,99,82,1013.7,1011.7,8,6,19,23.4,Yes,0,Yes,0.731742799282074
Sydney,2020-12-21,18.8,24.5,1.6,3,0.8,ENE,31,E,ENE,4,19,92,94,1012.9,1009.8,8,8,21.4,21.9,Yes,0,Yes,0.746821820735931
Sydney,2020-12-22,17.7,27.6,26.2,2,1.8,W,54,W,W,11,28,99,50,1001.7,1002.6,7,7,19.7,26.3,Yes,0,No,0.583020269870758
Sydney,2020-12-23,16.2,26.3,0,8.8,12.2,SSE,52,W,SSE,26,39,55,49,1013.4,1015.1,1,6,20.7,25.6,No,0,No,0.398897916078568
Sydney,2020-12-24,17.2,26.9,0,7,11.6,NE,43,N,NE,11,26,75,59,1017,1013,7,6,21.8,25.6,No,0,Yes,0.469832211732864
Sydney,2020-12-25,18,21.9,0.6,10.2,1.2,S,44,SSE,SSE,22,26,88,67,1019.5,1019.9,7,7,18.7,21.1,Yes,0,Yes,0.596740186214447
Sydney,2020-12-26,17.5,25.8,0.8,4.2,2.5,ENE,46,W,ENE,4,30,92,62,1020.4,1017,7,4,19.8,24.8,Yes,0,Yes,0.619182050228119
Sydney,2020-12-27,17.3,27.4,3.6,6.6,11.7,NNE,37,WNW,E,17,22,93,68,1013.4,1008.9,1,2,19.4,25.6,Yes,0,No,0.605152308940887
Sydney,2020-12-28,19.3,30.3,0,7.4,4.2,SSE,54,SSW,SSE,20,30,65,71,1007.6,1009.7,7,7,26.2,21.8,No,0,Yes,0.597864508628845
Sydney,2020-12-29,16.9,20.8,14,6,0,SSW,44,SW,SSW,9,20,98,82,1015.1,1014,8,7,17.3,20.3,Yes,0,Yes,0.817251741886139
Sydney,2020-12-30,17.2,24,19.2,1.6,2.8,S,41,SSE,ESE,13,20,95,68,1018.8,1018.7,8,7,18.9,23.2,Yes,0,Yes,0.688029706478119
Sydney,2020-12-31,18.3,24.5,0.2,7.4,0.5,SSE,33,SSE,ESE,19,15,76,85,1020.2,1020.1,7,8,22.1,21.4,Yes,0,Yes,0.749198853969574
Sydney,2021-01-01,17.8,22,4.2,2.4,0,SSE,39,SSE,SSE,17,20,73,66,1021.8,1020.5,8,7,20.5,20.6,Yes,0,Yes,0.609819889068604
Sydney,2021-01-02,16.1,22.4,5.2,4.2,0,E,37,WSW,ESE,11,6,92,90,1016.8,1013.9,8,8,18.4,20.1,Yes,0,Yes,0.917729735374451
Sydney,2021-01-03,18,26.5,7.8,2.2,2.9,ENE,35,NE,NE,11,20,100,79,1009.6,1007.1,8,3,20.5,25.5,Yes,0,Yes,0.771561861038208
Sydney,2021-01-04,20.4,27.7,0.6,3.2,1.2,W,80,NW,E,4,9,92,77,1006.6,1004.3,8,7,22.3,25.7,Yes,0,Yes,0.954778790473938
Sydney,2021-01-05,19.3,28,13,2.8,10.4,SSE,41,WNW,E,11,19,88,72,1008.9,1007.3,6,4,22.1,25.2,Yes,0,Yes,0.817911565303802
Sydney,2021-01-06,19.8,25.4,1.6,6.4,3.2,SSE,54,SSW,SE,20,31,83,68,1014.6,1014.9,7,5,21.8,23.9,Yes,0,Yes,0.745033442974091
Sydney,2021-01-07,18.4,23.5,1.8,9.2,8,SSE,57,SSE,SE,24,20,60,72,1020.6,1021,5,6,21.9,21.2,Yes,0,Yes,0.791403651237488
Sydney,2021-01-08,17.6,22.7,5.4,7.2,3.5,SSE,52,SSE,SE,20,28,59,61,1023.6,1023.1,7,7,20.2,22.2,Yes,0,No,0.609627187252045
Sydney,2021-01-09,16.7,26.7,0,6,12,ESE,35,SE,ESE,20,17,66,54,1022.9,1021.4,4,1,21.7,26.5,No,0,No,0.237540826201439
Sydney,2021-01-10,17,27.8,0,5.6,13.4,E,31,W,E,11,24,81,58,1021.2,1019.2,1,1,20.9,27.2,No,0,No,0.286519259214401
Sydney,2021-01-11,18.2,28.6,0,11.8,13.1,NE,43,NNW,NE,4,22,77,55,1019.3,1016.4,3,1,21.5,28.1,No,0,No,0.46443122625351
Sydney,2021-01-12,18.8,29.3,0,9,12.6,NE,41,E,ENE,7,15,74,66,1015.4,1013.1,6,7,23.1,28.2,No,0,No,0.583786308765411
Sydney,2021-01-13,20.9,29.8,0,10,12.6,NE,44,E,ENE,2,22,80,58,1017.9,1015.5,5,1,23.3,29.5,No,0,No,0.567868590354919
Sydney,2021-01-14,20.8,31.6,0,10.8,8,S,56,NE,ENE,9,28,84,65,1010.9,1006,7,1,22.9,29.3,No,0,No,0.70773184299469
Sydney,2021-01-15,20.6,28.1,0,10.4,9,WSW,48,SSW,E,15,24,80,69,1008.5,1002.5,7,7,21.9,26.3,No,0,No,0.742133915424347
Sydney,2021-01-16,17.3,27,0,10.6,13.2,W,52,W,ESE,24,17,36,35,1009.6,1008,0,0,19.1,26.6,No,0,No,0.400121659040451
Sydney,2021-01-17,16.3,27.1,0,9,11.8,ESE,43,W,ESE,20,26,48,53,1014.2,1013.9,0,2,20.3,25.9,No,0,No,0.252647638320923
Sydney,2021-01-18,18.4,30.1,0,9.6,12.9,E,35,NW,NE,11,19,78,56,1014.7,1010.2,1,1,22.3,30,No,0,No,0.366957247257233
Sydney,2021-01-19,21.1,25.2,0,8.6,0.8,SSE,54,SSE,S,24,26,79,60,1015.8,1018.7,5,8,23,21.3,No,0,Yes,0.609740972518921
Sydney,2021-01-20,17,23.1,1.2,8.2,2.4,SE,28,SSE,SE,13,15,80,58,1023.5,1022.2,8,7,18.7,22.1,Yes,0,Yes,0.372358202934265
Sydney,2021-01-21,15.2,28.2,0.2,4.8,13.3,NE,44,WNW,E,13,28,77,50,1020.3,1015.5,1,1,19,27.7,Yes,0,No,0.516409516334534
Sydney,2021-01-22,18.3,32.9,0,9.6,13,N,41,E,E,4,17,78,56,1011.5,1007.3,2,1,22.1,30.9,No,0,No,0.464732527732849
Sydney,2021-01-23,22.1,31.9,0,10.8,12,E,31,SSW,E,19,17,76,61,1012.7,1011.2,1,1,25.3,30.5,No,0,No,0.333789110183716
Sydney,2021-01-24,22.2,34.2,0,8.6,11.3,NNE,46,E,NE,9,13,89,50,1012.5,1009.2,1,2,24.8,32.7,No,0,No,0.569280445575714
Sydney,2021-01-25,21.9,32.3,0,13,12.4,NE,41,E,ENE,15,15,78,58,1009.4,1005.9,5,1,24.9,30.5,No,0,No,0.566678822040558
Sydney,2021-01-26,21.7,37.1,0,12,9.5,NNE,48,SE,NE,6,22,85,40,1002.7,999.2,1,7,25.3,35.3,No,0,No,0.428804367780685
Sydney,2021-01-27,21.3,23.5,0,12,0.2,SSE,54,S,S,28,24,85,85,1011.4,1014.3,8,8,22.5,21.2,No,0,Yes,0.833750247955322
Sydney,2021-01-28,18.6,22.5,19,4.4,0,SSE,46,SE,ESE,22,30,88,75,1020.7,1020.4,8,8,20.5,21.7,Yes,0,Yes,0.812812268733978
Sydney,2021-01-29,18.6,22.8,7.8,3.2,0,E,46,E,E,26,28,96,99,1018.5,1015.7,8,8,20.3,20.5,Yes,0,Yes,0.869360506534576
Sydney,2021-01-30,19.7,28.8,29.6,1.8,4.1,ENE,39,N,NE,6,13,98,83,1012.3,1010.3,8,6,22.8,26.8,Yes,0,Yes,0.857622921466827
Sydney,2021-01-31,21.8,23.4,0.4,7.4,0,SSE,50,S,SSE,26,24,86,89,1015.3,1016.6,8,8,23.2,21.9,Yes,0,Yes,0.905851483345032
Sydney,2021-02-01,20.7,28.9,0.8,0.4,6.8,NNE,44,S,ESE,7,17,86,68,1016.1,1012.3,7,1,22.1,28.3,Yes,0,Yes,0.779870450496674
Sydney,2021-02-02,17.5,25.8,17.4,7.6,5.9,SSW,43,SW,SE,17,24,87,60,1010.5,1010.5,7,2,19.1,23.2,Yes,0,Yes,0.64847069978714
Sydney,2021-02-03,17.5,25.8,5,7.8,9.3,S,31,SSW,ESE,15,17,72,56,1013.7,1012.6,1,5,19.4,24.7,Yes,0,No,0.506591320037842
Sydney,2021-02-04,17.9,28.9,0,6.8,10.1,NE,48,,NE,NA,30,88,62,1013.4,1010,6,5,21.5,27.7,No,0,No,0.568492710590363
Sydney,2021-02-05,20.8,28.3,0,8.4,11.2,NE,54,NE,NE,17,33,84,71,1012.1,1009,2,2,23.5,28.1,No,0,No,0.693168938159943
Sydney,2021-02-06,21.4,24.6,0,9,1.1,NE,37,NE,NE,11,13,83,95,1004.8,1002.9,8,8,23.6,23.1,No,0,Yes,0.865333676338196
Sydney,2021-02-07,19.4,28.8,1.4,3.4,11.2,SE,43,WNW,ESE,15,22,88,60,1006.4,1006.8,2,5,21,27.3,Yes,0,Yes,0.666535615921021
Sydney,2021-02-08,20.1,24.2,0.2,8.6,3.6,SSE,37,SE,S,22,20,79,64,1014,1013.6,6,7,20.9,22.9,Yes,0,No,0.608254432678223
Sydney,2021-02-09,19.1,25.8,0,5.4,6.5,SE,37,SE,SSE,17,20,63,58,1017.7,1016.7,7,4,21.6,23.5,No,0,Yes,0.370600610971451
Sydney,2021-02-10,16.6,27.1,2.4,6.4,9.9,SSE,30,WNW,ESE,11,15,93,55,1017.7,1015.5,5,4,18.7,26.7,Yes,0,Yes,0.553769826889038
Sydney,2021-02-11,17.8,27.9,0.2,9.2,11.9,NNE,46,NW,ENE,9,28,76,54,1015.3,1011.8,1,1,20.4,27.6,Yes,0,No,0.549251556396484
Sydney,2021-02-12,18.9,33.2,0,11,4.6,NNE,50,ENE,N,7,22,71,49,1008.8,1005,8,6,21.2,31.6,No,0,Yes,0.563128590583801
Sydney,2021-02-13,20.2,20.6,15.4,7.4,0,SSE,46,SSW,SSE,19,26,99,93,1007.6,1009.9,8,8,20.3,20.2,Yes,0,Yes,0.936693668365479
Sydney,2021-02-14,16.8,25.3,14.4,2,11.1,SSE,48,SSW,S,19,22,92,59,1016.1,1015.8,3,4,19,23.4,Yes,0,No,0.679427027702332
Sydney,2021-02-15,18.6,24,0,8,4.1,S,70,S,SSW,22,37,63,62,1018.9,1018.6,7,6,20.5,23,No,0,Yes,0.677285254001617
Sydney,2021-02-16,19,27.5,7.8,5.2,8.7,SE,37,ESE,ESE,19,22,88,65,1021.5,1021.6,7,5,21.8,26,Yes,0,Yes,0.711682796478271
Sydney,2021-02-17,18.8,27,9.2,7.8,7,ESE,39,SE,ESE,20,33,74,64,1023.9,1023.8,7,6,21.3,23.9,Yes,0,No,0.572372496128082
Sydney,2021-02-18,19.5,25.6,0,6.4,5.2,ESE,39,ESE,ESE,20,2,61,81,1024.8,1023.6,1,7,22.3,23.1,No,0,Yes,0.686242520809174
Sydney,2021-02-19,20.4,29.7,7,6.4,9.7,E,43,E,E,22,15,82,68,1021.7,1018.5,6,5,23.7,26.9,Yes,0,No,0.591556787490845
Sydney,2021-02-20,20.2,29.3,0,6.2,10.7,E,26,WNW,E,4,13,98,72,1016.7,1013.5,7,1,22.5,28.9,No,0,No,0.567840456962585
Sydney,2021-02-21,21.4,29.2,0,5.4,11.5,ESE,33,SW,SE,6,19,91,64,1011.5,1008.8,6,3,23.2,27.7,No,0,No,0.525560915470123
Sydney,2021-02-22,20.1,29.5,0,5.6,10.7,SSW,57,WNW,SSE,15,28,91,63,1006.8,1005.4,1,1,22,29,No,0,No,0.6787029504776
Sydney,2021-02-23,19.8,21.4,0,8.4,0,S,48,SSE,S,22,26,67,60,1012.5,1014.2,7,7,21.3,20.8,No,0,Yes,0.55268007516861
Sydney,2021-02-24,16.5,21.9,30.2,5.6,2.2,SE,41,SW,S,13,19,99,94,1018,1016.4,6,7,18.1,19.8,Yes,0,Yes,0.936097323894501
Sydney,2021-02-25,17.9,25.8,4.6,2,0.9,E,20,WNW,ESE,9,7,97,88,1011.4,1010.4,7,8,18.6,23.2,Yes,0,Yes,0.831252992153168
Sydney,2021-02-26,17.8,28,4.2,1.2,10.7,ESE,39,SSW,ESE,11,22,95,60,1010.2,1009.5,1,1,20.9,27.8,Yes,0,Yes,0.63597446680069
Sydney,2021-02-27,20.1,23.2,0.2,7.6,0,ESE,22,N,ENE,2,13,90,90,1014.6,1012.4,8,8,20.1,22.5,Yes,0,Yes,0.815360248088837
Sydney,2021-02-28,19.8,28.9,0.2,2.8,10.9,SSW,28,SSW,ESE,17,19,88,62,1012.7,1010.8,6,1,22.2,28.3,Yes,0,Yes,0.590383470058441
Sydney,2021-03-01,19.8,30.8,0.2,6.4,9.5,SSW,54,W,ENE,9,22,95,69,1010.7,1005.7,7,1,21.5,30.1,Yes,0,No,0.843237400054932
Sydney,2021-03-02,20.1,24.7,0,8.2,7.7,SSW,48,SW,SSE,9,26,78,57,1011.5,1012.3,5,5,21.4,22,No,0,Yes,0.583171427249908
Sydney,2021-03-03,18.1,23.5,0.6,7.6,7.9,S,44,S,SE,20,20,69,59,1015.7,1015.2,8,3,19,22.9,Yes,0,Yes,0.595916211605072
Sydney,2021-03-04,16,28.7,0.4,6.8,11.3,ENE,33,WNW,ENE,15,22,81,56,1015.1,1009.3,1,2,17.8,28.2,Yes,0,Yes,0.47929984331131
Sydney,2021-03-05,17.8,25,0.2,8,10.2,SSE,52,WSW,SSE,9,31,75,52,1007.4,1008.7,1,2,20.1,24.2,Yes,0,No,0.618492424488068
Sydney,2021-03-06,17.9,24.8,0,8.4,9.3,SSE,37,S,S,15,17,55,48,1012.9,1012.3,7,1,19.9,22.9,No,0,No,0.293736010789871
Sydney,2021-03-07,16.1,27.3,0,7,9.5,NE,37,W,E,15,24,75,59,1015.7,1012.3,4,5,18,26.6,No,0,No,0.383548527956009
Sydney,2021-03-08,18,31.2,0,7.6,4.9,WNW,46,WNW,NNW,9,11,87,56,1011.9,1007.9,7,7,20.9,28.5,No,0,No,0.629630446434021
Sydney,2021-03-09,19.6,28.8,0,6.2,8.4,SSE,39,WNW,SE,17,24,78,63,1011.4,1012.1,7,5,21.8,28.3,No,0,No,0.546448767185211
Sydney,2021-03-10,20.4,27.9,0,6.6,3.6,ENE,33,SE,E,13,22,76,61,1020.6,1020,5,6,21.8,27.1,No,0,Yes,0.303723007440567
Sydney,2021-03-11,20,28.1,0.2,4.2,3.9,E,43,NNE,ENE,6,24,91,69,1021.9,1019.9,7,7,21.4,24.9,Yes,0,Yes,0.738083899021149
Sydney,2021-03-12,21.4,27.4,1.8,7.8,2.1,NE,44,NNW,ENE,9,17,83,74,1018.3,1015.6,7,7,22.6,25.5,Yes,0,Yes,0.821373045444489
Sydney,2021-03-13,20.4,29.4,25.6,0.6,10.2,NNE,46,W,ENE,7,11,99,74,1015,1010.2,3,5,20.9,26.8,Yes,0,Yes,0.904375374317169
Sydney,2021-03-14,19.3,19.3,22.8,10,0,S,57,SSW,SSW,24,28,98,89,1012.8,1015.8,8,8,19.3,16.7,Yes,0,Yes,0.948589980602264
Sydney,2021-03-15,12.2,24.3,21.6,4,10.8,SSW,41,W,SSE,19,20,85,57,1022.1,1021.6,1,1,14,23.4,Yes,0,No,0.553410291671753
Sydney,2021-03-16,14,21.2,0,6.6,0.3,ESE,46,W,W,9,6,76,85,1025.7,1023.9,8,8,17.1,20.1,No,0,Yes,0.777795612812042
Sydney,2021-03-17,17.1,23.8,13.6,2.4,1.1,ESE,52,SE,ESE,24,33,77,71,1025.5,1024,7,7,19.9,21.9,Yes,0,Yes,0.791552603244781
Sydney,2021-03-18,18,21.5,9.8,6.2,0,ESE,57,ESE,E,41,13,78,98,1024.3,1024.1,8,8,21.4,19.5,Yes,0,Yes,0.931308448314667
Sydney,2021-03-19,17.3,25.7,54.4,3.4,1.3,ESE,57,ESE,ESE,28,28,78,73,1025.6,1024.9,8,7,21.4,22.9,Yes,0,Yes,0.844038188457489
Sydney,2021-03-20,18.3,21.8,47.6,2.8,0,ENE,78,ESE,E,26,31,100,100,1022.5,1021.1,8,8,19.6,19.1,Yes,0,Yes,0.971147418022156
Sydney,2021-03-21,19,20.3,110.4,NA,0,E,70,E,ENE,44,22,94,88,1024.8,1024.1,8,8,19.4,19.1,Yes,0,Yes,0.953395783901215
Sydney,2021-03-22,18,19.9,28.4,4.6,0,E,44,NNE,ENE,22,17,99,99,1023.1,1019.6,8,8,18,18.9,Yes,0,Yes,0.938301920890808
Sydney,2021-03-23,17.2,20.4,46.8,0.4,0,NE,59,NE,NNE,31,24,100,100,1008.5,1000.9,8,8,18.5,19.2,Yes,0,Yes,0.97008353471756
Sydney,2021-03-24,17.7,29.2,19.4,1.8,10.7,WNW,46,WNW,WNW,15,26,85,44,998.7,997.7,1,4,20.4,29,Yes,0,No,0.433985680341721
Sydney,2021-03-25,17.1,29.1,0,6.6,9,W,33,SSW,E,2,13,78,62,1003.4,1003.3,7,6,18.9,24,No,0,Yes,0.612610936164856
Sydney,2021-03-26,15.2,26.3,2,6.6,10.3,W,26,WNW,ESE,19,19,82,57,1013.7,1011.8,1,2,16.8,25.4,Yes,0,Yes,0.502165138721466
Sydney,2021-03-27,16.6,28.5,0.2,4.6,9.8,W,28,WNW,W,17,6,92,33,1013.8,1011.2,1,3,17.8,28,Yes,0,No,0.113665595650673
Sydney,2021-03-28,16.7,27,0,6.8,10.6,ESE,31,WNW,SE,13,20,87,54,1017.6,1015.6,1,1,17.7,24.4,No,0,No,0.377655953168869
Sydney,2021-03-29,15.7,26.7,0,6,10.5,ESE,26,WNW,ESE,15,20,89,56,1020.2,1018.7,1,2,17.1,25.9,No,0,Yes,0.231181621551514
Sydney,2021-03-30,16.2,23.3,4.2,7.2,7.1,S,39,SSW,S,17,20,74,49,1023.8,1022.6,7,7,17.4,22.4,Yes,0,Yes,0.416177093982697
Sydney,2021-03-31,14.4,24.6,7.2,6.2,8.9,SSW,43,W,S,20,19,84,48,1024.4,1022.9,7,1,15.5,23.8,Yes,0,Yes,0.450390428304672
Sydney,2021-04-01,14.6,27.3,6.6,4.8,9.8,W,26,W,E,17,13,92,58,1025,1023.2,1,2,15.9,26.7,Yes,0,No,0.556120216846466
Sydney,2021-04-02,15.9,27.3,0,2.8,10.8,ESE,20,WNW,ESE,15,15,98,60,1026.5,1025.7,3,1,17.5,26.3,No,0,No,0.264353573322296
Sydney,2021-04-03,16,26.9,0,4,10.8,NE,30,WNW,ENE,19,20,97,58,1026.2,1022.3,1,1,17.3,26.6,No,0,No,0.340275883674622
Sydney,2021-04-04,16.7,27.3,0,7.2,9.9,NNE,31,WNW,E,11,11,86,71,1019.8,1015.8,1,6,20.4,25,No,0,No,0.567202866077423
Sydney,2021-04-05,17.8,28.3,0,5.6,10.2,SSE,31,S,SSE,19,19,86,64,1019.5,1018.3,2,2,23.1,28.2,No,0,Yes,0.443802803754807
Sydney,2021-04-06,19.2,27.5,0.6,3.3,7.7,ESE,31,WNW,ESE,9,20,96,77,1021.9,1019.8,2,6,22.4,24.3,Yes,0,Yes,0.79013603925705
Sydney,2021-04-07,18.6,26.5,1.2,4.4,6.5,ENE,37,ESE,SE,13,17,98,77,1019.3,1015.7,5,7,21.9,23.7,Yes,0,Yes,0.816962420940399
Sydney,2021-04-08,18.4,26.8,6.8,3.2,10,N,22,WNW,E,9,13,99,64,1014,1009.9,2,2,20.7,26.7,Yes,0,No,0.591197073459625
Sydney,2021-04-09,17.2,28.8,0,4.8,6.4,SSE,52,W,W,13,4,87,51,1005.3,1001.5,2,1,20.2,28.6,No,0,Yes,0.584480822086334
Sydney,2021-04-10,16.5,24.5,0.2,6.4,8,W,48,W,W,19,26,74,34,1006.9,1004,7,1,16.9,23.9,Yes,0,No,0.239051938056946
Sydney,2021-04-11,13.5,19.7,0,5.8,10.6,W,67,W,WSW,31,31,42,31,1009.3,1010.2,1,1,16.5,18.5,No,0,No,0.213611841201782
Sydney,2021-04-12,9.6,20.5,0,6.8,10.9,WSW,37,W,SSE,24,9,54,36,1019.4,1018.2,1,1,13.7,19.4,No,0,No,0.100711070001125
Sydney,2021-04-13,10.3,22.9,0,4,10.2,W,31,WNW,ENE,15,20,71,53,1022.9,1018.1,1,2,14.5,22.5,No,0,No,0.316629856824875
Sydney,2021-04-14,14.1,27.8,0,5.4,8.5,NW,28,WNW,NNW,11,13,49,31,1015,1011.8,6,5,20.3,26,No,0,No,0.112881660461426
Sydney,2021-04-15,16.3,26.7,0,6.4,10.2,W,33,WNW,WNW,11,4,51,31,1016.1,1012.1,1,3,19.8,26.4,No,0,No,0.0802295207977295
Sydney,2021-04-16,15.7,21.9,0,6.4,5.8,SSE,44,WNW,SSE,15,24,50,60,1020.7,1021.4,5,6,18.4,19.3,No,0,No,0.471477568149567
Sydney,2021-04-17,14.6,18.5,0,4,0.1,SE,19,WNW,ENE,7,7,80,60,1023.3,1021.6,8,8,16,18.2,No,0,No,0.365954101085663
Sydney,2021-04-18,10.9,23.1,0,4,9.6,W,24,W,E,15,11,86,58,1022.2,1018.9,4,2,14.4,22.5,No,0,No,0.390168607234955
Sydney,2021-04-19,11.8,24.2,0,1.6,10.5,WNW,22,WNW,E,17,19,86,59,1019.1,1014.4,1,0,14.9,22.2,No,0,No,0.367674469947815
Sydney,2021-04-20,11.2,22.9,0,4,6.8,WNW,28,WNW,NNE,13,11,67,46,1016,1010.7,2,6,15.9,22.1,No,0,No,0.23584121465683
Sydney,2021-04-21,14.1,20.9,0,5.2,10.4,SW,44,SW,SSE,20,22,54,45,1013.4,1013,1,1,15.6,19.5,No,0,No,0.249227181077003
Sydney,2021-04-22,10.3,21.3,0,6,10.6,WSW,46,W,WSW,19,17,63,33,1013.5,1010.8,1,1,14,20.3,No,0,No,0.0973558202385902
Sydney,2021-04-23,9.2,23.1,0,5.4,10.6,W,46,W,ESE,9,17,63,41,1018,1016.1,1,1,14,22.4,No,0,No,0.366865545511246
Sydney,2021-04-24,10.5,23.5,0,4,10,W,24,W,ENE,20,15,72,53,1022.7,1019.5,3,5,13.6,21.7,No,0,No,0.217756673693657
Sydney,2021-04-25,11.3,23.8,0,3.2,9.7,W,30,WNW,SE,20,19,67,66,1024.2,1022.3,1,5,14.9,21.1,No,0,No,0.354365795850754
Sydney,2021-04-26,11.9,23.3,0,3.4,10.1,ENE,24,WNW,E,15,11,86,58,1025.7,1023.2,1,2,15.3,21.6,No,0,No,0.274582922458649
Sydney,2021-04-27,13.2,24.4,0,3,9.8,W,24,WNW,ESE,17,15,86,61,1027.8,1025.1,0,1,16.4,21.8,No,0,No,0.421849370002747
Sydney,2021-04-28,13.9,22.9,0,4,6.2,E,20,WNW,ENE,11,13,87,63,1026.5,1023.5,6,7,17.1,21.7,No,0,No,0.293564468622208
Sydney,2021-04-29,12.8,22.8,0,2.6,9.8,E,24,W,E,13,19,90,63,1025.1,1022.8,0,1,15.7,21.8,No,0,No,0.364829629659653
Sydney,2021-04-30,13,24.1,0,3.6,7.9,ESE,24,WNW,ESE,17,19,94,67,1029.1,1026.9,6,3,15.4,22.9,No,0,No,0.367702424526215
Sydney,2021-05-01,14.3,23,0,3.2,7.1,ENE,30,WNW,E,17,17,97,76,1030.4,1027.6,2,2,16.8,22.1,No,0,No,0.607429265975952
Sydney,2021-05-02,14.8,24.6,0,0.4,8.2,NNE,31,W,ENE,11,20,98,72,1028.5,1024.7,7,7,16.6,22.4,No,0,No,0.551081657409668
Sydney,2021-05-03,13.8,24.7,0,4,7.6,NNE,26,WNW,ENE,13,13,100,64,1022.4,1017.8,6,1,15.1,23.5,No,0,No,0.449094474315643
Sydney,2021-05-04,15.1,17.1,0,4,0,WSW,33,WNW,WSW,15,9,85,94,1016.7,1015.4,8,8,16.9,15.3,No,0,Yes,0.794295370578766
Sydney,2021-05-05,14.2,19.5,18,73,0.7,S,35,SW,SSW,19,19,100,86,1014.9,1012.2,7,7,15.3,18.6,Yes,0,Yes,0.858683705329895
Sydney,2021-05-06,15.3,22,25.4,3.6,0.3,SSE,69,SSE,SE,39,17,98,91,1011.8,1011.3,7,7,18.9,21.2,Yes,0,Yes,0.969010412693024
Sydney,2021-05-07,17.8,22.8,16.4,1.8,6.8,SSE,39,SSE,SSW,19,22,96,77,1011.4,1009.3,7,6,19.2,21.7,Yes,0,Yes,0.817711353302002
Sydney,2021-05-08,15,26.2,0.4,3.8,6.7,WNW,24,WNW,WNW,19,6,96,61,1013.1,1012.1,5,7,17.3,23.4,Yes,0,No,0.413619130849838
Sydney,2021-05-09,16.2,19.4,0,4.4,0,WNW,26,WNW,NW,15,4,71,72,1019.4,1016.6,7,7,17.7,19.2,No,0,No,0.582695007324219
Sydney,2021-05-10,13.7,24.7,0,2.2,9.6,NW,37,W,WNW,20,20,87,41,1015.8,1011.7,0,2,16.6,24.5,No,0,No,0.258981108665466
Sydney,2021-05-11,15.1,23.6,0,3.2,6,SW,33,WNW,SW,6,22,84,61,1015.3,1014.7,3,7,16.7,19.2,No,0,Yes,0.421490490436554
Sydney,2021-05-12,12.8,22.5,0.4,3,9.5,S,37,W,S,15,15,86,69,1020.1,1017.6,4,2,15.4,21.9,Yes,0,Yes,0.663219451904297
Sydney,2021-05-13,13.3,24.4,0.8,3.4,9.5,W,31,WNW,WNW,15,6,91,50,1014.2,1009.2,1,2,15.3,24,Yes,0,No,0.319947093725204
Sydney,2021-05-14,13.2,20.3,0,4,9.9,WSW,50,W,W,26,28,50,36,1012.4,1011.4,1,1,16,19.9,No,0,No,0.163003519177437
Sydney,2021-05-15,10.5,18.6,0,5.2,7.3,W,65,W,WNW,9,28,65,38,1013.2,1011.6,5,1,13.3,16.9,No,0,No,0.367150783538818
Sydney,2021-05-16,7.8,19.2,0,5.2,9.7,W,50,W,WNW,24,13,58,27,1021.5,1017.9,1,0,10.3,18.7,No,0,No,0.0928031131625175
Sydney,2021-05-17,9,20.2,0,2.8,9.8,W,43,W,SSE,24,20,64,47,1022.1,1022.5,1,2,12.5,18.4,No,0,No,0.230803564190865
Sydney,2021-05-18,8.7,20.6,0,4,9.5,W,30,W,ENE,20,13,74,46,1029.2,1026.3,1,1,11.3,20.2,No,0,No,0.205089911818504
Sydney,2021-05-19,8.5,21.3,0,3.4,9.8,W,26,W,E,19,13,81,61,1029.3,1025.4,0,0,11,18.9,No,0,No,0.379986643791199
Sydney,2021-05-20,8.6,21.6,0,2.8,7.8,WNW,28,W,SSE,20,15,78,40,1027.1,1025,4,3,11.3,20.5,No,0,No,0.0975997149944305
Sydney,2021-05-21,10,16.4,0,2.8,0.5,S,28,W,S,19,7,84,81,1030.4,1028.3,7,7,11.7,16,No,0,Yes,0.618531584739685
Sydney,2021-05-22,9,21.8,1.4,0.4,9.4,W,30,W,SSE,24,11,87,58,1028,1024.7,2,2,11.4,19.6,Yes,0,Yes,0.331053525209427
Sydney,2021-05-23,10.5,20.3,0.2,3,4.6,SSW,30,W,SSW,20,22,89,69,1027.2,1025.9,7,2,12.6,19.8,Yes,0,Yes,0.53875595331192
Sydney,2021-05-24,12.5,18.7,1,1.2,1.2,ENE,31,WNW,E,17,4,100,86,1030.8,1028.2,4,7,15.2,18.1,Yes,0,Yes,0.915484845638275
Sydney,2021-05-25,12.9,22.6,2.6,5,9.2,NNE,35,W,NE,15,17,99,59,1026.5,1021.1,5,6,14.6,21.1,Yes,0,No,0.579358398914337
Sydney,2021-05-26,14.4,22.3,0,0.4,9.1,WSW,50,W,W,20,19,60,34,1017.6,1015.8,1,1,16.2,21.4,No,0,No,0.191007301211357
Sydney,2021-05-27,9.9,19.6,0,6.2,9.5,W,41,W,W,28,24,58,41,1024.1,1020.8,0,1,12.5,19,No,0,No,0.120292872190475
Sydney,2021-05-28,10.1,17.4,0,4,9.5,SW,59,W,SSW,22,26,63,33,1023.7,1024.4,1,1,12.8,16.3,No,0,No,0.250023484230042
Sydney,2021-05-29,8.6,16,0,6,4.1,SW,56,W,SW,28,24,61,55,1028.8,1027.1,5,8,9.9,14.3,No,0,No,0.4174764752388
Sydney,2021-05-30,9.9,16.2,0,2.8,1.6,W,43,W,SSW,20,13,70,76,1028.5,1026.7,7,7,12.1,14.3,No,0,No,0.640190303325653
Sydney,2021-05-31,9.6,20.4,0,2.4,9.3,W,33,W,E,24,11,71,52,1025.9,1023.2,1,1,11.8,18.8,No,0,No,0.333490461111069
Sydney,2021-06-01,8.6,20.5,0,2.8,6,WNW,24,WNW,W,19,6,95,48,1023.7,1020.5,6,7,10,19.6,No,0,No,0.133292675018311
Sydney,2021-06-02,9.4,22,0,1.8,9.3,W,22,WNW,E,15,11,88,61,1021.8,1017.7,3,1,11,19.7,No,0,No,0.370302826166153
Sydney,2021-06-03,10.9,13.4,0,2.4,0,W,31,WNW,WNW,11,11,92,98,1015.2,1010.8,7,8,12.4,13.1,No,0,Yes,0.804428517818451
Sydney,2021-06-04,10.5,20.5,7.8,1.4,6.4,W,43,W,W,17,28,95,56,1010.8,1010.7,2,7,12,17.6,Yes,0,Yes,0.542581617832184
Sydney,2021-06-05,8.5,18,0.2,3.2,9.3,SSW,31,WNW,W,20,9,76,39,1022.9,1020.4,1,1,11.1,17.7,Yes,0,No,0.170435667037964
Sydney,2021-06-06,8.1,21.3,0,2.2,9.3,W,41,W,ENE,24,2,66,39,1024,1023,0,1,10.8,21.1,No,0,No,0.271099448204041
Sydney,2021-06-07,7.9,20.2,0,3.2,8.6,W,22,W,ENE,15,13,84,62,1024,1018.7,6,6,10.5,19.3,No,0,No,0.36026456952095
Sydney,2021-06-08,10.4,19.1,0,2.6,1.3,W,46,N,NNE,19,26,55,54,1013.5,1008.5,6,7,14.7,18.4,No,0,Yes,0.612668216228485
Sydney,2021-06-09,10.2,15.7,7.4,2.4,7.6,NNW,44,WNW,NW,30,19,86,56,1005,1001.7,3,4,10.5,12.8,Yes,0,No,0.583981215953827
Sydney,2021-06-10,6.7,10.3,0,4,0,NNW,31,NNE,NNW,15,11,81,86,1006,1005.5,7,8,9.3,9.8,No,0,Yes,0.724884033203125
Sydney,2021-06-11,5.8,15.4,6,1.6,4.9,WNW,31,WNW,NW,17,11,100,64,1011,1009.6,3,7,7.1,14.6,Yes,0,No,0.572190880775452
Sydney,2021-06-12,7.1,18.8,0,2.5,9.3,W,39,N,WNW,19,17,66,41,1016.1,1013.8,1,1,12.9,17.7,No,0,No,0.232176929712296
Sydney,2021-06-13,8.1,19.6,0,4.2,9.4,W,37,W,WSW,11,19,71,45,1017.4,1014.3,1,1,11.6,18.6,No,0,No,0.163564309477806
Sydney,2021-06-14,9.9,17.8,0,4.6,0.4,W,30,W,SSW,22,9,70,66,1016.6,1014.9,7,7,11,17.4,No,0,No,0.35548523068428
Sydney,2021-06-15,10.6,18.2,0,0,0.9,W,26,WNW,S,19,7,85,76,1018,1015.7,6,7,12.6,16.7,No,0,No,0.571897089481354
Sydney,2021-06-16,8.8,20.2,0,1.6,7.4,W,54,WNW,ENE,11,11,98,61,1017.9,1013.5,1,5,10.3,20,No,0,Yes,0.691748440265656
Sydney,2021-06-17,9.5,17.9,6.2,2,8.3,W,50,NW,W,7,28,70,41,1009.9,1007.6,1,3,11.9,17.3,Yes,0,No,0.41867259144783
Sydney,2021-06-18,9,18.9,0,4,8,W,65,W,W,9,35,75,46,1007.4,1004.7,1,6,12.1,18.1,No,0,Yes,0.472921133041382
Sydney,2021-06-19,11,14.6,1.8,4,0,SSW,67,W,SW,30,35,61,89,1012,1014.2,7,8,13.3,12.9,Yes,0,Yes,0.919363796710968
Sydney,2021-06-20,11.5,15.3,10.8,1.3,1.5,SW,46,SW,SW,20,20,85,87,1023.1,1022.7,6,7,12.6,13.7,Yes,0,Yes,0.88544374704361
Sydney,2021-06-21,9.9,15.8,9.4,1.2,3.3,W,33,W,SSW,17,17,97,82,1027.4,1026.1,7,3,11.5,14.8,Yes,0,Yes,0.752497851848602
Sydney,2021-06-22,9.4,18.9,1.4,2.2,2.8,W,30,WNW,E,19,4,94,68,1031.8,1029.7,7,4,10.7,17.1,Yes,0,No,0.653288662433624
Sydney,2021-06-23,10,19.2,0,0,2.9,NNW,33,W,N,6,19,99,62,1027.6,1022.8,7,6,12,17.3,No,0,No,0.491066604852676
Sydney,2021-06-24,12,21.7,0,3.6,3.1,N,48,NNE,N,9,24,74,57,1015.8,1010.6,7,4,15.4,20.1,No,0,No,0.529454290866852
Sydney,2021-06-25,11.6,19.8,0,3,9.1,W,44,WNW,W,17,20,63,42,1015.5,1013.7,1,1,15.1,19.5,No,0,No,0.230157107114792
Sydney,2021-06-26,9.2,19.1,0,4.8,9.2,W,43,WNW,W,19,24,67,43,1018.9,1018.3,1,3,13.3,17.8,No,0,No,0.200125321745872
Sydney,2021-06-27,8.1,19.6,0,4.6,9.1,W,28,WNW,WNW,15,7,76,38,1025.7,1024.7,1,0,10.7,19.3,No,0,Yes,0.0877141952514648
Sydney,2021-06-28,8,17,0.6,0.6,2.8,SSW,33,W,SSW,22,17,91,76,1032.2,1030.5,6,4,8.9,16.6,Yes,0,Yes,0.631231069564819
Sydney,2021-06-29,8.9,17.2,3.2,2.2,1.8,WNW,26,W,NW,20,4,98,93,1034.1,1031.6,7,5,11.3,14.4,Yes,0,Yes,0.831013202667236
Sydney,2021-06-30,11.1,18.3,25.6,2,1.9,W,20,WNW,E,11,7,100,88,1031.5,1027.7,7,7,11.7,16.4,Yes,0,Yes,0.824431777000427
Sydney,2021-07-01,10.9,17.7,3.4,0.8,1.5,W,20,W,ENE,17,9,100,85,1025.5,1021.8,8,7,11.6,15.9,Yes,0,Yes,0.747699975967407
Sydney,2021-07-02,11.1,20.7,3,1.4,5.3,NNW,26,WNW,ESE,11,6,100,63,1018.8,1016.1,8,2,12,20.4,Yes,0,Yes,0.576035022735596
Sydney,2021-07-03,8.5,20.8,0.2,1.8,7.7,W,30,WNW,E,22,11,91,56,1018.8,1015.8,1,3,10.3,18.7,Yes,0,No,0.516558527946472
Sydney,2021-07-04,7.9,16,0,1.3,9.8,W,39,WNW,WNW,20,15,66,45,1022.6,1019.3,1,1,9.9,15.6,No,0,No,0.189760431647301
Sydney,2021-07-05,6.7,17.5,0,3.6,9.5,W,35,W,W,20,13,75,42,1021.1,1018.5,1,1,9.1,16.9,No,0,No,0.151452735066414
Sydney,2021-07-06,6.1,16.7,0,2.8,7.5,W,39,W,WNW,26,7,75,48,1022.1,1020.1,7,7,8.1,15.6,No,0,No,0.208103209733963
Sydney,2021-07-07,5.5,19.1,0,2.2,7.5,W,31,W,SSE,22,6,80,45,1026.1,1023.6,1,4,7.6,18.3,No,0,No,0.167522922158241
Sydney,2021-07-08,6.3,17.2,0,0.6,6.8,WNW,22,WNW,ENE,17,13,94,65,1024.4,1020.3,4,7,8.5,15.8,No,0,No,0.438741624355316
Sydney,2021-07-09,8.5,12.5,0,1.8,0,W,37,WNW,W,15,13,90,94,1015.1,1011.7,8,8,9.9,12,No,0,Yes,0.780024170875549
Sydney,2021-07-10,9.9,14.1,5.2,2,0.1,SW,48,WSW,SW,26,19,86,87,1017,1018.9,7,7,12.5,13.2,Yes,0,Yes,0.87215667963028
Sydney,2021-07-11,9.6,17.5,21.8,28.6,5,SW,35,W,SSW,19,13,99,71,1026.8,1024.7,6,5,10.1,14.7,Yes,0,Yes,0.684498846530914
Sydney,2021-07-12,8.2,17.2,0.2,2.2,7.3,W,26,W,NE,17,13,98,65,1024.6,1019.9,7,7,9.4,16.6,Yes,0,Yes,0.561276018619537
Sydney,2021-07-13,8.1,19.6,0.2,0.8,8.6,WNW,26,WNW,NW,15,13,90,47,1019.2,1015.8,1,6,10.2,18.5,Yes,0,No,0.266610443592072
Sydney,2021-07-14,10.2,16.4,0,3.2,0.2,NNW,30,NNW,E,6,6,67,87,1014.4,1010.1,7,7,13.2,12.9,No,0,Yes,0.706679046154022
Sydney,2021-07-15,12.7,23.4,1.8,1.4,6.1,SW,33,N,N,19,13,74,53,1006.3,1001.9,1,4,15.8,22.5,Yes,0,Yes,0.598303258419037
Sydney,2021-07-16,10.5,19.1,0.2,2.2,8.4,WNW,72,NNE,WNW,9,31,80,45,996.7,993.1,1,2,13.5,17.4,Yes,0,Yes,0.770391702651978
Sydney,2021-07-17,11.9,14.6,2,6.6,9.1,NW,69,NW,NW,33,39,60,44,997,996.7,3,1,12.7,13.7,Yes,0,No,0.566560506820679
Sydney,2021-07-18,10,19.3,0,4.4,9.5,W,44,W,WSW,28,20,63,41,1011.8,1012.4,1,3,13.2,18.9,No,0,No,0.18673238158226
Sydney,2021-07-19,6.8,16.2,0,4.6,5.1,W,33,WNW,WNW,22,17,77,52,1018.1,1014.1,2,7,9.6,15,No,0,No,0.197938770055771
Sydney,2021-07-20,7.5,15.9,0,3.4,5.6,WNW,48,WNW,NW,13,26,63,52,1011.2,1006,3,7,10.9,14.1,No,0,No,0.449574738740921
Sydney,2021-07-21,8.9,15,0,4,5.1,SSW,61,W,SSW,24,30,54,44,1013.3,1015.2,5,1,9.9,14.8,No,0,No,0.386626452207565
Sydney,2021-07-22,5.2,18.3,0,2.4,9.5,W,33,WNW,N,20,22,70,40,1019.2,1013.9,1,3,8.2,17.9,No,0,Yes,0.186700984835625
Sydney,2021-07-23,8.2,17.5,0.4,3,2.2,NNW,41,N,ENE,4,11,76,73,1010.7,1005.9,7,7,10.9,14.5,Yes,0,No,0.774410486221313
Sydney,2021-07-24,10.9,18.6,0,2.2,6.9,W,61,W,WNW,19,35,82,40,1003,1000.9,7,1,11.7,17.8,No,0,No,0.369196355342865
Sydney,2021-07-25,10.2,16.2,0,7.4,9.6,W,78,W,WNW,33,33,50,32,1005.8,1008.5,1,4,11.4,14.8,No,0,No,0.373761683702469
Sydney,2021-07-26,9.5,20.6,0,2.2,4.5,WNW,44,WNW,WNW,11,30,64,40,1015.6,1014.3,1,6,13.5,18.7,No,0,No,0.187652200460434
Sydney,2021-07-27,11.2,20.5,0,4,9.6,WNW,43,NNW,NW,9,24,63,43,1019.2,1015.2,1,6,15.2,19.8,No,0,No,0.466073036193848
Sydney,2021-07-28,12.8,25.4,0,6.4,6.2,NW,74,NNE,NW,6,33,46,30,1008.4,1003.6,5,7,16.7,23.7,No,0,No,0.499056339263916
Sydney,2021-07-29,11,19.4,0,6.8,9.6,W,52,W,W,17,24,52,27,1014,1014.2,1,0,12.5,18.9,No,0,No,0.161946445703506
Sydney,2021-07-30,5.9,18.1,0,3.4,9.7,N,26,WNW,E,19,11,69,52,1021,1017.4,NA,0,9.4,15.9,No,0,No,0.15095654129982
Sydney,2021-07-31,8.2,23.3,0,3.8,6.6,NNE,28,NNW,NE,7,19,50,46,1014.6,1009,6,3,14.9,21.7,No,0,No,0.282873630523682
Sydney,2021-08-01,14.9,25.6,0,4.8,5,nan,NA,WNW,WSW,15,28,57,47,1006.4,1009,1,7,20.2,20.1,No,0,No,0.375234186649323
Sydney,2021-08-02,8.1,18.9,0,3.2,8.6,NE,41,WNW,E,17,9,74,54,1020.9,1017.4,1,3,11.4,18.2,No,0,Yes,0.43602055311203
Sydney,2021-08-03,11.4,20.2,3.4,4.2,8.8,WNW,52,W,WNW,19,30,93,36,1010.2,1007.2,3,1,13.2,19.1,Yes,0,No,0.348943591117859
Sydney,2021-08-04,9.3,16.6,0,7.6,9.9,W,69,WSW,W,15,35,53,37,1012.6,1011.7,1,1,11.8,16,No,0,No,0.381622523069382
Sydney,2021-08-05,9.1,20.2,0,3.8,10,W,44,W,W,13,22,66,38,1016.8,1016.1,1,1,12.9,19.3,No,0,No,0.217458546161652
Sydney,2021-08-06,9,21.6,0,3,10,W,39,WNW,NW,17,7,68,35,1022.2,1019.6,1,1,12,21,No,0,No,0.232922300696373
Sydney,2021-08-07,8.3,20,0,4.6,10.1,SW,39,WNW,W,19,7,71,37,1025.9,1021.7,1,0,10.4,19.5,No,0,Yes,0.185188516974449
Sydney,2021-08-08,9.9,15.3,0.8,2.6,0,ESE,43,W,E,15,9,95,86,1031.9,1030.5,7,7,11.5,13.5,Yes,0,Yes,0.920968472957611
Sydney,2021-08-09,9.7,20.4,4.6,2.2,8.9,ENE,33,WNW,NE,13,20,92,55,1031.6,1026.6,4,2,11.9,18.6,Yes,0,No,0.515682935714722
Sydney,2021-08-10,8.8,22.8,0,3.4,8,NW,35,WNW,N,11,15,93,44,1028.2,1023.6,2,6,11.4,22,No,0,Yes,0.302544385194778
Sydney,2021-08-11,11.4,24.2,0.2,4,10.1,NNW,48,NNW,NNW,20,26,54,39,1024.7,1019,0,1,17.9,23.9,Yes,0,No,0.404997438192368
Sydney,2021-08-12,14.4,21.6,0,8,8.7,W,50,S,WNW,17,17,50,25,1025,1024.1,1,1,15.3,20.9,No,0,No,0.237550213932991
Sydney,2021-08-13,8.3,21.6,0,6,10.6,W,37,W,ENE,26,17,60,41,1027.9,1023.9,0,0,11.5,20.6,No,0,No,0.219884559512138
Sydney,2021-08-14,8,20.3,0,3.6,10.2,WNW,24,W,E,20,15,72,55,1029.2,1025.8,1,1,11.6,19.3,No,0,No,0.267380058765411
Sydney,2021-08-15,8.4,22.2,0,2.2,10.5,W,28,WNW,NW,22,7,72,27,1025.7,1021.1,1,1,11.9,22,No,0,No,0.109214425086975
Sydney,2021-08-16,10.1,23.2,0,5.4,10.6,W,65,W,WNW,6,13,51,27,1020.8,1016.8,0,0,13.5,22.9,No,0,No,0.306362271308899
Sydney,2021-08-17,9.8,20.6,0,3.6,10.6,W,41,W,SE,24,17,54,33,1022.1,1019.9,1,1,13.3,18.3,No,0,No,0.176170632243156
Sydney,2021-08-18,8.8,20.1,0,5.4,9.6,W,26,WNW,E,22,15,67,49,1026.1,1022.8,1,1,11,19.8,No,0,No,0.181379392743111
Sydney,2021-08-19,8.1,20.1,0,4,9.8,W,22,WNW,E,13,17,78,64,1024.7,1020.4,7,1,12.3,18.5,No,0,No,0.372509002685547
Sydney,2021-08-20,9.6,24,0,3.8,10.3,ENE,26,WNW,E,22,17,81,43,1021.5,1016.8,1,1,12.9,21.3,No,0,No,0.120195396244526
Sydney,2021-08-21,12.9,24.4,0,3.8,5.5,NNE,22,WNW,N,11,6,70,41,1020.3,1015.9,7,1,14.3,23.9,No,0,No,0.155707180500031
Sydney,2021-08-22,11.1,25.4,0,3.8,10.2,NE,37,WNW,NE,13,20,74,40,1021,1015.4,1,1,13.4,25.2,No,0,No,0.239046841859818
Sydney,2021-08-23,13.4,24,0,6.6,3.2,NW,63,NW,NW,24,30,53,44,1013.3,1009.1,5,7,21.6,22.9,No,0,Yes,0.494218856096268
Sydney,2021-08-24,9.3,11.5,32.6,7,0,W,74,W,W,33,31,97,98,1007.4,1002.3,8,8,9.3,9.7,Yes,0,Yes,0.974723398685455
Sydney,2021-08-25,7.9,15.7,39.8,NA,1.4,WSW,76,W,W,35,31,59,51,1010.8,1011.1,6,7,11.5,15.6,Yes,0,No,0.697900414466858
Sydney,2021-08-26,9.2,19.8,0,3.2,9.7,W,37,W,SSE,24,17,56,47,1018.2,1016,1,5,12.6,18.9,No,0,No,0.237298682332039
Sydney,2021-08-27,8.2,21,0,3.6,5.5,W,44,WNW,W,15,19,75,32,1016.9,1013.1,3,7,12.3,18.6,No,0,No,0.179191842675209
Sydney,2021-08-28,10.6,18.4,0,3.8,2.5,W,41,W,SSW,26,15,57,61,1016.8,1015.8,7,7,13.5,16.2,No,0,No,0.415056794881821
Sydney,2021-08-29,8.1,18.9,0,2.4,2.9,W,31,W,ENE,19,11,79,52,1015.9,1010.8,6,7,13.4,17.8,No,0,No,0.389772236347198
Sydney,2021-08-30,8.6,20.9,0,1.4,8.9,W,26,W,E,17,15,69,48,1018.9,1017,3,7,13,18.2,No,0,No,0.215798124670982
Sydney,2021-08-31,8.6,22.6,0,4.6,10.3,NE,28,WNW,E,15,19,76,48,1023.2,1019.7,0,1,13.3,20.9,No,0,No,0.148554235696793
Sydney,2021-09-01,10.5,25.7,0,5,10.7,W,24,WNW,E,19,13,62,44,1027.1,1026.2,3,1,14.7,22.9,No,0,No,0.136732518672943
Sydney,2021-09-02,13.5,22.6,0,3.4,8.6,NE,52,NE,NE,22,30,87,68,1030.3,1026.2,7,3,18.8,21.1,No,0,No,0.59058666229248
Sydney,2021-09-03,14,23.5,0,4.8,10.4,NE,52,N,NE,9,28,66,57,1026.1,1020.3,1,1,18.4,22.5,No,0,No,0.518669962882996
Sydney,2021-09-04,15.4,22.9,0,7.6,0,N,35,NNE,WNW,19,15,63,70,1019.2,1016.4,8,8,18.4,19.2,No,0,Yes,0.613982200622559
Sydney,2021-09-05,13.2,19.1,11.6,5,7.3,W,56,NW,W,19,33,59,39,1014.5,1013.7,1,6,15.1,18,Yes,0,Yes,0.476619273424149
Sydney,2021-09-06,9.4,18.9,0.8,4.8,10.7,WSW,52,W,S,28,33,55,35,1023.6,1024,1,1,13.4,18,Yes,0,Yes,0.322869092226028
Sydney,2021-09-07,7.2,24.4,0.2,5.6,10.7,WSW,50,WNW,W,19,20,57,25,1026.1,1022.9,1,1,14,24,Yes,0,No,0.164570644497871
Sydney,2021-09-08,9.6,21.7,0,5,10.7,ENE,26,W,ENE,13,17,63,58,1031.7,1026.8,1,0,15,19.5,No,0,No,0.242209210991859
Sydney,2021-09-09,9.7,28.3,0,7.8,9.5,NW,31,W,W,19,13,61,24,1026.5,1020.6,6,4,15.7,27.8,No,0,No,0.115601986646652
Sydney,2021-09-10,14.9,24.8,0,6.4,5.5,SSE,43,WNW,ESE,11,19,34,70,1021.5,1021,5,6,21.6,18.9,No,0,No,0.559274733066559
Sydney,2021-09-11,11.4,29.3,0,4,10.5,NNW,41,WNW,NNW,7,24,87,24,1017.7,1010.5,0,0,15.4,29.1,No,0,No,0.224020019173622
Sydney,2021-09-12,15.4,30.1,0,9.6,10.7,NW,59,NNW,WNW,26,35,32,13,1006.3,1002.1,1,1,23.7,29.3,No,0,No,0.233088240027428
Sydney,2021-09-13,12.1,17.7,0,11.6,6.4,S,54,SSW,SSE,11,22,54,57,1014.1,1015.5,3,7,16,15.9,No,0,Yes,0.520678579807281
Sydney,2021-09-14,9.7,15.9,18.4,7.2,5,SSW,57,SSW,SSW,13,20,75,91,1022.4,1022.1,5,7,12.5,11.7,Yes,0,Yes,0.929493069648743
Sydney,2021-09-15,8.8,18,4.8,2.6,9.9,nan,NA,,,NA,NA,70,61,1024.5,1022.5,1,2,13.5,16.4,Yes,0,Yes,0.636877238750458
Sydney,2021-09-16,8.6,18.3,0.4,4.4,7.3,nan,NA,nan,nan,NA,NA,80,62,1024.6,1022,5,3,12.8,16.6,Yes,0,Yes,0.67292320728302
Sydney,2021-09-17,9.5,21.3,0.2,2.8,10.8,nan,NA,nan,NE,NA,24,76,57,1023,1018.1,1,0,15.7,20.9,Yes,0,No,0.397880107164383
Sydney,2021-09-18,15.7,24.3,0,8.8,0.7,W,48,N,N,17,6,48,78,1013.5,1012.8,7,8,20.7,18.9,No,0,Yes,0.811571538448334
Sydney,2021-09-19,10.6,24.4,2.4,3.4,11,W,33,NW,WNW,15,15,44,25,1022.4,1017.1,1,1,17.5,23.8,Yes,0,No,0.141174092888832
Sydney,2021-09-20,14.2,26.4,0,7.4,10.5,W,65,N,WNW,22,28,39,20,1014.1,1007.5,0,1,20.5,26,No,0,No,0.362024068832397
Sydney,2021-09-21,9.9,17.4,0,9.4,9.3,SSW,65,WSW,S,17,33,45,45,1016.1,1017.9,3,5,12.9,17,No,0,Yes,0.483326882123947
Sydney,2021-09-22,8.1,19.8,3.2,5.8,10.6,SSW,44,W,SSE,20,17,56,52,1023.7,1021.8,1,1,14.6,19.5,Yes,0,No,0.416900932788849
Sydney,2021-09-23,10,26.6,0,4,11,WNW,28,WNW,ENE,22,17,61,49,1020.3,1014.8,1,0,16.5,22.4,No,0,No,0.266067773103714
Sydney,2021-09-24,11.7,27.1,0,5.8,10.8,W,48,WNW,WNW,11,28,48,30,1014.4,1008.8,0,4,21,25.6,No,0,No,0.192522034049034
Sydney,2021-09-25,13.6,21.5,0,9.2,9,SE,50,SSW,SSE,20,37,31,64,1015.3,1016.8,1,6,20,16.5,No,0,Yes,0.475333631038666
Sydney,2021-09-26,10.9,16,3,7.4,3.1,SSE,48,S,SSE,26,20,63,60,1026.3,1025.9,7,7,13.9,15.5,Yes,0,Yes,0.570931434631348
Sydney,2021-09-27,9.7,21,0.4,4.4,5.8,E,33,W,NE,9,20,74,53,1026.5,1021.9,7,7,15.3,18.3,Yes,0,No,0.450616180896759
Sydney,2021-09-28,10.6,21.9,0,5.8,8.5,NE,48,NNE,NE,4,17,65,67,1022,1017.2,2,4,18,19.2,No,0,No,0.566590368747711
Sydney,2021-09-29,14.1,21.9,0,5.8,2.7,ENE,24,NE,NE,7,11,63,93,1017.9,1014.2,6,8,20.6,16.9,No,0,Yes,0.618066966533661
Sydney,2021-09-30,14.5,23.7,2.4,0.2,7.9,ENE,33,NNE,NE,9,13,75,64,1012.4,1008.9,5,6,20.7,23.1,Yes,0,No,0.543803095817566
Sydney,2021-10-01,14.8,24.7,0,5.2,4.6,W,80,W,E,9,24,81,66,1007.8,1002.3,8,5,17.1,21.8,No,0,Yes,0.835891544818878
Sydney,2021-10-02,11.9,24.9,3.2,7,7.8,SW,37,W,E,7,17,67,70,1004.6,1001.9,1,7,18.9,19.4,Yes,0,Yes,0.654734909534454
Sydney,2021-10-03,12.9,26,7,4.6,9.1,W,41,WNW,W,11,17,100,41,1004.7,1001.2,1,5,15,24.1,Yes,0,No,0.367082715034485
Sydney,2021-10-04,15,28.3,0,4.4,10.9,WNW,54,SSE,WSW,4,20,73,36,999.6,998.2,1,2,19,26.5,No,0,No,0.383120894432068
Sydney,2021-10-05,12.8,22.6,0,9.8,11,WNW,59,,WSW,NA,31,49,24,1008.1,1007.5,2,1,16,21.8,No,0,No,0.188130244612694
Sydney,2021-10-06,11.5,24.9,0,5,11.4,W,43,W,ENE,28,20,54,43,1016.1,1012,0,0,14.7,22.3,No,0,No,0.356778353452682
Sydney,2021-10-07,12.7,31,0,7.6,7.3,SSW,83,NNW,W,9,22,39,21,1009.4,1005.7,6,3,17.6,30.5,No,0,No,0.464982807636261
Sydney,2021-10-08,15.8,22.8,0,9.4,8.8,ENE,43,WNW,NE,6,26,69,54,1019,1017,3,1,16.4,21.4,No,0,No,0.450226426124573
Sydney,2021-10-09,13.4,25.6,0,7.8,10.3,NNE,31,WNW,ESE,9,11,84,55,1017.3,1012.5,7,1,16.2,24.6,No,0,No,0.439288258552551
Sydney,2021-10-10,16.2,25.5,0,7.6,4.6,S,65,,SSW,NA,35,66,86,1009.1,1007.1,7,7,20.9,18.2,No,0,Yes,0.884086072444916
Sydney,2021-10-11,10.3,15.5,14.4,4.6,0,S,54,SW,S,13,17,94,89,1016,1016.3,8,8,11,13.2,Yes,0,Yes,0.915021598339081
Sydney,2021-10-12,10.9,17.3,2,2.2,0.1,ESE,43,E,ESE,24,22,66,57,1018.9,1016.9,7,7,15,16.7,Yes,0,Yes,0.485671639442444
Sydney,2021-10-13,13.7,18.4,3.2,3.2,0,E,52,E,ENE,24,31,98,92,1017,1013.1,8,8,14.5,17.3,Yes,0,Yes,0.856871008872986
Sydney,2021-10-14,14.4,24.1,8.2,3.8,5.4,NNE,59,N,NE,13,24,82,77,1009.6,1004.1,7,7,17.9,22,Yes,0,Yes,0.848047375679016
Sydney,2021-10-15,13.1,22.1,10,7.2,8.3,WNW,74,WSW,WNW,24,28,67,59,1003.4,999.6,5,5,16.3,16.4,Yes,0,Yes,0.739411890506744
Sydney,2021-10-16,12.6,23.3,0.8,8,8.1,W,74,W,WSW,26,28,51,36,1002.9,1003,3,2,17,22.2,Yes,0,No,0.471016705036163
Sydney,2021-10-17,12.5,23.1,0,6,12.1,W,44,W,E,20,19,52,51,1014.6,1013.1,1,1,16,21.9,No,0,No,0.468262404203415
Sydney,2021-10-18,12.3,25.1,0,8,11.9,ENE,30,W,ENE,19,22,85,42,1016.8,1012.7,1,1,16.5,23.8,No,0,No,0.197628334164619
Sydney,2021-10-19,14.3,24.2,0,7.8,8.6,SSW,65,NNE,S,6,30,65,68,1015.6,1014.7,3,7,19,19.7,No,0,No,0.775461494922638
Sydney,2021-10-20,11.9,23.5,0,4.2,10.4,ESE,31,W,SE,15,15,75,49,1017.8,1016.7,5,2,15.1,23,No,0,No,0.345597445964813
Sydney,2021-10-21,13.4,24.8,0,5.6,11.8,E,28,WNW,E,11,17,89,56,1017.8,1015.7,2,2,17.3,24.7,No,0,No,0.409172087907791
Sydney,2021-10-22,15.3,25.1,0,6.4,10.5,E,26,NW,E,4,17,87,63,1018,1015.4,3,2,18.2,24.2,No,0,No,0.433508068323135
Sydney,2021-10-23,16.1,25.2,0,6.8,11.3,NE,35,NE,E,15,22,90,72,1013.7,1010,1,4,20,24.5,No,0,Yes,0.535448014736176
Sydney,2021-10-24,16.5,22.8,3.6,6.2,11.3,SSW,52,S,ESE,19,26,76,54,1015.5,1014.2,6,1,18.7,21.8,Yes,0,Yes,0.654064357280731
Sydney,2021-10-25,13.3,23.2,2.2,6.4,11.8,ESE,41,W,SE,17,22,78,52,1016.5,1014.7,3,1,16.7,20.9,Yes,0,No,0.51758199930191
Sydney,2021-10-26,12.7,23.4,0,10,12,ESE,31,WNW,ESE,9,22,65,51,1020.5,1017.8,2,3,17.2,21.5,No,0,No,0.282847166061401
Sydney,2021-10-27,16,25.4,0,5.8,11.1,ENE,28,E,ENE,4,22,76,63,1019.2,1014.6,6,1,19.1,24.7,No,0,No,0.366269469261169
Sydney,2021-10-28,16.3,30.4,0,5.6,9.4,E,28,W,E,15,17,79,56,1012.4,1008.5,6,7,20.1,26.8,No,0,No,0.349656075239182
Sydney,2021-10-29,20.1,33,0,7.2,8,W,81,NNW,W,9,50,42,31,1002.8,1001.5,7,2,24.3,31.6,No,0,No,0.532336175441742
Sydney,2021-10-30,16,20.9,0,11.4,5.5,SSE,41,SSE,SE,17,24,57,50,1017.9,1017.9,7,7,17.2,19.1,No,0,No,0.391142725944519
Sydney,2021-10-31,11.8,23,0,8.6,7.9,ENE,31,WNW,E,13,20,63,47,1025.9,1024.3,3,1,16.3,21.6,No,0,No,0.198170199990273
Sydney,2021-11-01,12.9,24.6,0,5.2,4.3,ENE,33,W,NE,4,17,70,57,1026.5,1024,7,7,17.8,21.6,No,0,No,0.382830023765564
Sydney,2021-11-02,16.4,25.9,0,6.6,11.1,ENE,43,E,ENE,11,30,72,56,1027.7,1026.4,3,5,21,25,No,0,No,0.385013073682785
Sydney,2021-11-03,17.3,25.1,0,7.4,10.9,NE,46,NNE,NE,20,26,60,51,1026.9,1022.9,3,7,21.3,24.8,No,0,No,0.442039489746094
Sydney,2021-11-04,18.2,20.7,0,10,0,ENE,22,E,NE,13,11,73,86,1021.5,1020.6,8,8,20.4,20.1,No,0,Yes,0.521332800388336
Sydney,2021-11-05,16.7,25,7.6,1.4,1.6,ENE,41,ENE,ENE,9,24,90,69,1021.5,1018.9,8,7,19.4,23.1,Yes,0,No,0.578568637371063
Sydney,2021-11-06,16.2,26,0,4.6,11.6,NNE,48,E,NE,13,22,78,57,1015.9,1010.7,2,1,20,25.2,No,0,Yes,0.492380291223526
Sydney,2021-11-07,17.9,26.1,0.4,7.6,0.5,W,30,W,NNW,13,7,89,84,1009.8,1006.8,8,8,19.6,19.8,Yes,0,Yes,0.758500277996063
Sydney,2021-11-08,17.8,24.8,9.6,1,7.2,ESE,30,E,ESE,6,19,92,67,1008.2,1007.7,7,6,19.6,23.2,Yes,0,Yes,0.511565327644348
Sydney,2021-11-09,17.1,24.8,1.4,6.8,8.2,ENE,28,SSW,ENE,15,15,83,68,1013,1010.7,7,6,18.9,23.7,Yes,0,No,0.563445270061493
Sydney,2021-11-10,18.8,21.1,0,4.4,0.4,nan,NA,NW,ESE,9,4,85,98,1009.1,1006.9,7,8,20.9,19.5,No,0,Yes,0.825139403343201
Sydney,2021-11-11,17.5,19.4,17.6,1.2,0,SSE,44,SSE,SSE,26,19,86,83,1006.5,1005.9,8,8,18.4,17.6,Yes,0,Yes,0.827409684658051
Sydney,2021-11-12,13,22.4,16.8,5.2,4,NW,39,W,SSE,20,17,99,73,998.1,994.5,8,6,14.6,20.4,Yes,0,Yes,0.655630528926849
Sydney,2021-11-13,14.6,21.4,0.2,4.4,7.5,WNW,69,WNW,WNW,33,37,50,42,998.2,997.4,3,7,17.6,20.6,Yes,0,Yes,0.460605680942535
Sydney,2021-11-14,13.3,23.2,0.4,10.2,10.7,NW,67,WNW,W,28,35,47,32,1007.7,1003.9,7,5,17.4,23.1,Yes,0,Yes,0.395783752202988
Sydney,2021-11-15,13,24.1,0.8,6.4,11.8,WSW,54,W,WNW,30,31,41,31,1007.5,1007,1,3,16.8,21.3,Yes,0,No,0.257321625947952
Sydney,2021-11-16,13.7,21.6,0,8.8,13,ESE,41,WSW,ESE,20,26,41,44,1015.9,1017.1,1,1,17,20.1,No,0,No,0.240321293473244
Sydney,2021-11-17,13.5,22.5,0,8,10.1,E,31,SSE,E,11,19,63,55,1024.6,1022.6,5,2,17.2,22,No,0,No,0.31236806511879
Sydney,2021-11-18,14.9,25.3,0,8,11.3,NE,44,NNE,NE,19,26,71,62,1021.2,1015.5,3,1,19.9,24.5,No,0,Yes,0.486324191093445
Sydney,2021-11-19,19,30.5,1,7.6,3.4,SSW,59,ESE,ENE,6,24,89,45,1013.4,1010,8,8,19.1,29.4,Yes,0,Yes,0.669325590133667
Sydney,2021-11-20,17.3,21,0.2,4.2,0.2,SSE,37,E,SSE,4,19,84,81,1010.7,1010.8,8,8,19.2,18.6,Yes,0,Yes,0.818836152553558
Sydney,2021-11-21,15.3,19.2,13,3.6,0,ESE,52,S,SSE,17,28,97,98,1016.3,1015.8,8,8,16,16,Yes,0,Yes,0.94164514541626
Sydney,2021-11-22,15.4,22.3,18.4,2,4,SSE,44,SSE,SSE,28,24,74,64,1022.4,1021.1,7,5,18.8,21.8,Yes,0,Yes,0.572014689445496
Sydney,2021-11-23,16.3,22.7,2.8,4.8,2.6,ESE,30,ESE,ESE,20,13,88,78,1021.2,1019.1,7,7,18.8,21.9,Yes,0,Yes,0.600667357444763
Sydney,2021-11-24,17.8,27.6,0.4,2.2,3.8,NE,48,ESE,ENE,7,26,90,71,1017.3,1014,8,7,21,26.3,Yes,0,Yes,0.699066460132599
Sydney,2021-11-25,19.8,24.5,6,5,0.2,NE,31,E,NE,6,11,98,90,1011.7,1007.2,8,7,21.1,23.5,Yes,0,Yes,0.799525856971741
Sydney,2021-11-26,16.5,18.7,21.4,8.8,0,S,63,SSW,S,26,33,98,86,1009,1009.9,8,8,17.1,18.3,Yes,0,Yes,0.919723153114319
Sydney,2021-11-27,15.2,18.7,17,2.6,0.7,SSE,59,S,S,22,33,95,68,1018.1,1018.7,8,7,15.2,18.3,Yes,0,Yes,0.803015112876892
Sydney,2021-11-28,15.1,21.2,2,4.6,4.1,SSE,46,SSE,S,28,26,75,56,1022.4,1021.1,5,7,17.5,19.7,Yes,0,No,0.51789653301239
Sydney,2021-11-29,14,23.3,0,4,3.2,ESE,28,S,E,11,13,67,60,1021.1,1018.5,7,6,18.6,20.5,No,0,No,0.392698913812637
Sydney,2021-11-30,18.1,23.3,0,5.8,0,NE,26,E,ESE,6,11,80,86,1018.7,1016.5,8,8,20.3,21.8,No,0,Yes,0.561260163784027
Sydney,2021-12-01,19.3,26.8,1,2,6.9,E,33,NE,ENE,11,20,80,61,1016.3,1014.6,7,5,22.8,26.2,Yes,0,No,0.477714657783508
Sydney,2021-12-02,18.3,27.4,0,6.4,10.9,ENE,37,ESE,E,6,26,79,63,1017.2,1015.2,3,1,22.8,27.1,No,0,Yes,0.427699029445648
Sydney,2021-12-03,18.5,27.3,0.4,8.8,8,S,57,E,SSE,11,31,75,73,1014.2,1015.3,0,8,23.3,22.9,Yes,0,Yes,0.797421216964722
Sydney,2021-12-04,17.9,23.1,0.2,5.6,0.2,SSE,54,S,SSE,19,31,86,61,1013.8,1013.5,8,7,19.5,22.1,Yes,0,Yes,0.624189376831055
Sydney,2021-12-05,16.8,19.7,0.4,8,0,S,43,SSW,ESE,6,24,86,62,1021.7,1022.2,8,8,17.3,18.7,Yes,0,Yes,0.620449900627136
Sydney,2021-12-06,16.7,23.3,1,5,0,E,31,E,NE,13,17,65,60,1020.4,1017.6,8,8,19.7,20.9,Yes,0,No,0.403692066669464
Sydney,2021-12-07,17.5,26.9,0,3,6.6,NNE,43,W,ENE,7,20,72,68,1012.7,1008.9,7,3,21.4,26.2,No,0,Yes,0.562727451324463
Sydney,2021-12-08,17.5,20.1,15.4,5.4,0,S,56,SSW,S,22,17,89,84,1014.5,1013,8,8,17.9,18.7,Yes,0,Yes,0.89129102230072
Sydney,2021-12-09,16.2,24.7,14.2,1.8,8,W,39,SSE,SE,13,20,87,74,1010.7,1007.6,6,5,19.8,23.6,Yes,0,Yes,0.682484924793243
Sydney,2021-12-10,13.9,22.7,18.4,6.4,4.7,WNW,56,WNW,W,19,24,63,94,1005.7,1006.4,1,8,18.2,15.6,Yes,0,Yes,0.896694719791412
Sydney,2021-12-11,14.1,22.6,10,5.2,8,S,59,SSW,S,20,39,68,55,1014.9,1014.8,7,3,17,21.6,Yes,0,Yes,0.556545197963715
Sydney,2021-12-12,15.1,23.6,0.4,7.4,10.5,SSE,44,SSW,S,20,28,71,58,1018.5,1016.6,6,2,18.4,22,Yes,0,No,0.506539821624756
Sydney,2021-12-13,16.2,24.8,0,7.8,11.6,ESE,33,SSW,ESE,11,19,57,56,1016.5,1014,3,1,20.6,23.7,No,0,No,0.371094733476639
Sydney,2021-12-14,14.9,25.8,0,8,11.6,ESE,26,WNW,E,7,20,72,59,1015,1014.6,7,7,20.4,25.3,No,0,No,0.354655057191849
Sydney,2021-12-15,16.3,28,0,5,12.1,SSW,57,WSW,ENE,6,20,76,51,1013.7,1008.8,0,1,21.4,27,No,0,Yes,0.57497501373291
Sydney,2021-12-16,20,25.7,6.2,11.6,6.3,SSE,41,S,SE,17,20,82,73,1013.1,1013.6,7,7,21.8,22.7,Yes,0,No,0.689614832401276
Sydney,2021-12-17,18.4,26.4,0,6.2,6.3,ENE,41,S,E,4,24,79,60,1018.4,1015.3,7,3,21.4,26,No,0,No,0.47748601436615
Sydney,2021-12-18,19,30.9,0,5.2,10.8,SSW,59,E,NE,11,13,77,63,1013.9,1009.5,7,5,23.9,29.5,No,0,Yes,0.709237217903137
Sydney,2021-12-19,21.4,34.6,3.4,11.4,4.4,WSW,78,NNE,W,13,31,69,36,1009.3,1006,7,7,26.9,33.1,Yes,0,Yes,0.701784133911133
Sydney,2021-12-20,20.4,29.1,0.2,8,10.4,ENE,31,SSE,E,11,20,76,70,1014.1,1011.2,7,1,24.4,28.1,Yes,0,No,0.563556849956512
Sydney,2021-12-21,21.2,31.5,0,7.2,13.4,ESE,28,S,SE,9,13,62,42,1012.5,1009.9,1,1,26.1,30.3,No,0,No,0.328255653381348
Sydney,2021-12-22,21.3,28.5,0,12.2,2.5,S,33,SSW,SE,11,20,78,62,1012.6,1010.9,8,7,22.8,28.1,No,0,Yes,0.462081760168076
Sydney,2021-12-23,21,27,18,6.2,1.3,ENE,35,NNE,ENE,4,20,95,84,1012.5,1010.8,8,7,22.5,26.9,Yes,0,Yes,0.744314968585968
Sydney,2021-12-24,19.8,28.1,10.6,1.6,9.8,SSW,37,S,ESE,22,17,82,67,1015.3,1013.2,4,1,21.6,27.7,Yes,0,No,0.660979270935059
Sydney,2021-12-25,20.7,29.4,0,5,10.6,ENE,44,E,NE,6,28,80,67,1014.9,1012,3,1,24.4,28.9,No,0,No,0.484658002853394
Sydney,2021-12-26,20.4,27.3,0,12.8,4,SSW,56,SSE,S,19,20,78,75,1015,1013.1,7,7,24.8,24.4,No,0,Yes,0.727306425571442
Sydney,2021-12-27,18.4,22.8,5,6.4,1.6,S,59,SSW,S,26,30,79,67,1017.8,1017.3,7,7,19.7,21.5,Yes,0,Yes,0.709850370883942
Sydney,2021-12-28,16.1,22.5,18,6.4,3.5,SSE,46,WSW,ENE,13,17,83,65,1020,1019.2,7,7,17.7,20.8,Yes,0,Yes,0.710919320583344
Sydney,2021-12-29,14.9,23.8,5.4,5.4,7.8,SSW,28,W,N,19,7,89,88,1019.3,1017.4,6,7,17.3,19.6,Yes,0,Yes,0.764531493186951
Sydney,2021-12-30,15.7,27.2,4.6,5,12.9,NE,41,WNW,E,13,24,75,59,1017.7,1015.9,1,1,20.7,26.6,Yes,0,No,0.552139341831207
Sydney,2021-12-31,17.6,28.1,0,11.2,12.6,ENE,46,NNE,NE,17,22,73,61,1016.4,1013.9,1,1,22.4,27.4,No,0,NA,0.470173388719559
